;
302.564, 178.375
307.047, 176.113
312.366, 176.135
317.611, 177.103
322.507, 179.302
331.615, 180.673
336.063, 179.598
340.713, 179.52
345.053, 180.154
348.209, 182.522
326.462, 184.403
326.404, 188.795
326.391, 193.169
326.391, 197.67
320.564, 199.985
323.076, 201.069
325.719, 201.816
328.409, 201.479
331.073, 200.561
309.588, 183.212
312.756, 181.921
316.111, 182.118
318.869, 184.515
315.664, 184.817
312.329, 184.501
333.234, 185.796
335.951, 184.194
339.306, 184.506
342.076, 186.347
339.157, 187.019
335.852, 186.674
316.651, 208.446
320.635, 206.827
324.292, 205.924
326.218, 206.458
328.166, 205.985
331.022, 207.238
333.659, 209.481
330.734, 210.914
327.733, 211.215
325.85, 211.322
323.802, 211.089
320.426, 210.326
318.529, 208.581
324.06, 207.579
326.082, 207.813
328.048, 207.637
332.077, 209.175
327.95, 208.648
326.099, 208.695
324.089, 208.377
;
268.04, 183.034
272.407, 181.382
276.951, 181.279
281.314, 181.865
285.391, 183.394
292.708, 183.987
296.494, 183.188
300.377, 183.215
303.828, 184.095
305.807, 186.589
288.771, 187.403
288.829, 190.644
288.932, 193.933
289.023, 197.388
283.393, 199.945
285.486, 200.54
287.602, 201.035
289.684, 200.943
291.602, 200.365
273.206, 187.033
276.051, 186.003
278.878, 186.013
280.995, 187.662
278.594, 188.112
275.757, 187.997
293.809, 188.659
296.344, 187.497
298.976, 187.844
300.912, 189.298
298.743, 189.866
296.134, 189.489
278.461, 207.401
282.328, 205.979
285.373, 205.146
287.158, 205.589
288.853, 205.309
290.786, 206.308
292.579, 208.145
290.15, 208.837
288.114, 208.703
286.423, 208.814
284.502, 208.805
281.674, 208.597
279.844, 207.306
285.067, 206.684
286.993, 206.778
288.71, 206.71
291.432, 207.869
288.409, 206.554
286.727, 206.678
284.846, 206.633
;
265.627, 182.25
270.065, 180.335
274.673, 179.858
279.422, 180.188
283.972, 181.777
292.78, 182.785
296.682, 182.011
300.828, 182.197
304.612, 182.753
307.177, 185.049
288.342, 186.179
288.517, 189.956
288.78, 193.696
289.025, 197.603
282.956, 199.879
285.325, 200.581
287.786, 201.19
290.155, 200.904
292.397, 200.19
271.754, 185.744
274.857, 184.709
277.775, 184.67
280.258, 186.385
277.466, 186.685
274.573, 186.518
294.237, 187.378
296.895, 186.293
299.639, 186.587
301.896, 187.983
299.435, 188.46
296.726, 188.101
277.746, 207.269
281.749, 205.843
285.366, 205.125
287.613, 205.66
289.757, 205.239
292.428, 206.05
294.425, 207.8
291.855, 209.513
289.049, 210.161
286.904, 210.355
284.54, 210.155
281.22, 209.405
279.251, 207.406
285.085, 206.398
287.407, 206.63
289.576, 206.493
293.102, 207.67
289.356, 207.887
287.223, 208.035
284.89, 207.807
;
264.795, 181.433
269.002, 179.371
273.767, 179.015
278.535, 179.525
283.054, 181.31
291.688, 182.168
295.648, 181.15
299.967, 181.202
303.756, 181.905
306.155, 184.425
287.139, 185.39
287.228, 189.018
287.416, 192.657
287.557, 196.484
281.435, 198.866
283.852, 199.614
286.408, 200.205
288.882, 199.883
291.131, 199.068
270.709, 185.301
273.551, 184.089
276.595, 184.02
279.093, 185.795
276.34, 186.225
273.294, 186.171
292.956, 186.795
295.637, 185.6
298.529, 185.962
300.808, 187.607
298.301, 188.056
295.429, 187.624
276.277, 206.825
280.351, 205.179
284.018, 204.242
286.182, 204.723
288.222, 204.296
290.607, 205.359
292.596, 207.422
289.93, 209.045
287.393, 209.327
285.39, 209.489
283.146, 209.45
279.749, 208.845
277.854, 206.823
283.75, 205.733
286.006, 205.891
288.064, 205.688
291.25, 207.263
287.684, 206.873
285.67, 207.107
283.454, 206.968
;
264.645, 181.421
269.268, 179.361
274.401, 179.396
279.427, 180.223
284.367, 181.966
292.825, 182.918
297.463, 181.881
302.275, 181.808
306.844, 182.444
310.275, 184.726
288.295, 186.402
288.297, 190.157
288.38, 193.956
288.414, 197.902
282.592, 200.62
284.984, 201.346
287.435, 201.934
290.056, 201.694
292.535, 200.973
270.956, 185.238
274.134, 184.093
277.375, 184.115
279.971, 186.275
276.975, 186.751
273.779, 186.548
295.103, 187.381
298.069, 185.906
301.265, 186.237
303.931, 187.871
301.089, 188.61
297.897, 188.317
277.909, 208.546
281.776, 207.15
285.535, 206.315
287.53, 206.839
289.395, 206.41
292.218, 207.418
294.827, 209.229
291.688, 210.821
288.753, 211.084
286.86, 211.186
284.795, 211.044
281.321, 210.318
279.622, 208.624
285.22, 207.981
287.315, 208.139
289.233, 208.011
293.291, 209.054
289.053, 208.322
287.199, 208.541
285.144, 208.306
;
264.525, 180.817
268.876, 178.912
273.715, 178.793
278.472, 179.501
283.234, 181.197
291.556, 182.009
295.799, 181.176
300.084, 181.108
304.107, 181.732
306.803, 184.072
287.249, 185.446
287.34, 189.349
287.503, 193.241
287.661, 197.263
281.636, 199.451
284.088, 200.236
286.605, 200.805
289.088, 200.497
291.346, 199.69
270.516, 184.668
273.474, 183.645
276.576, 183.678
279.1, 185.445
276.346, 185.929
273.225, 185.822
293.406, 186.434
296.12, 185.166
298.996, 185.446
301.461, 186.922
298.861, 187.586
295.97, 187.267
276.998, 206.73
281.133, 205.83
284.655, 205.196
286.57, 205.729
288.327, 205.278
290.833, 206.066
293.109, 207.368
290.344, 208.579
287.841, 208.912
286.046, 209.056
284.014, 209.008
280.664, 208.471
278.667, 206.83
284.361, 206.61
286.395, 206.82
288.208, 206.583
291.65, 207.241
288.09, 206.511
286.344, 206.699
284.331, 206.549
;
243.18, 149.047
260.423, 139.119
281.259, 138.812
301.452, 142.421
322.088, 147.77
357.66, 146.255
375.967, 139.99
394.415, 136.097
413.952, 134.754
429.77, 143.227
338.551, 162.65
338.608, 185.194
338.953, 207.295
339.18, 229.89
311.799, 238.948
325.101, 243.829
338.838, 246.871
352.114, 242.955
364.55, 237.09
264.171, 162.285
276.746, 153.244
292.47, 153.611
307.162, 165.166
291.77, 166.656
276.128, 167.567
368.564, 162.902
381.429, 150.311
396.672, 149.76
408.684, 157.239
397.665, 162.865
382.569, 163.158
301.861, 282.708
315.246, 275.63
328.123, 270.935
338.414, 273.631
347.875, 269.926
360.062, 272.592
371.346, 278.037
359.005, 284.85
347.936, 287.992
337.98, 289.59
326.999, 289.91
314.882, 287.655
309.409, 282.65
327.888, 280.631
338.389, 281.094
348.083, 279.405
363.765, 278.693
347.46, 273.411
337.953, 274.854
327.731, 274.722
;
243.071, 154.007
260.589, 142.432
282.702, 141.509
304.411, 144.64
325.58, 151.534
356.202, 149.044
375.086, 142.148
393.624, 138.26
412.751, 137.185
426.68, 147.443
340.445, 164.151
341.211, 187.242
342.313, 209.817
343.37, 232.831
317.802, 241.164
329.859, 245.572
342.105, 248.569
353.669, 244.548
364.66, 238.334
267.333, 165.847
278.932, 156.202
294.724, 156.085
309.388, 167.698
294.444, 170.075
278.826, 171.194
365.755, 165.309
377.512, 152.365
392.211, 151.303
404.223, 159.249
393.636, 165.646
379.175, 165.877
303.661, 281.676
318.831, 276.426
331.347, 271.949
341.855, 274.483
350.6, 270.728
360.801, 272.982
370.089, 276.554
359.059, 281.75
350.116, 284.624
340.637, 286.138
329.708, 286.379
317.865, 285.62
311.108, 281.754
331.246, 280.759
341.849, 281.244
351.027, 279.294
363.153, 277.612
349.361, 270.521
340.42, 272.131
330.092, 272.216
;
243.493, 148.033
260.878, 138.162
281.793, 138.24
301.983, 142.305
321.771, 148.874
354.985, 147.926
373.019, 141.687
390.984, 137.513
410.165, 135.83
425.588, 144.305
338.371, 162.087
338.297, 184.77
338.586, 207.097
338.557, 229.741
311.751, 238.632
324.328, 243.784
337.363, 246.816
349.922, 243.178
361.738, 237.371
264.651, 161.801
276.898, 153.454
291.894, 153.973
306.225, 165.119
291.246, 166.361
276.355, 167.249
365.99, 163.462
378.8, 151.785
393.477, 151.235
404.883, 158.562
394.307, 164.189
379.77, 164.088
300.604, 283.967
314.326, 276.487
326.729, 271.166
336.4, 274.376
345.451, 270.473
355.913, 274.302
366.154, 280.636
353.787, 284.536
344.211, 285.962
334.765, 287.226
324.482, 287.533
313.034, 286.923
307.872, 283.691
326.325, 281.505
336.23, 281.947
345.519, 280.619
358.456, 280.897
344.133, 270.327
335.073, 271.429
325.438, 271.402
;
242.731, 149.267
259.569, 138.275
280.831, 137.458
301.907, 141.246
322.778, 147.68
354.69, 146.189
373.243, 139.53
391.783, 135.822
410.88, 134.739
424.656, 144.913
338.708, 162.871
339.149, 186.7
340.01, 209.769
340.793, 233.572
313.52, 241.832
326.367, 246.577
339.641, 249.75
351.655, 245.565
362.969, 239.596
265.232, 162.799
276.862, 154.366
292.269, 154.531
306.859, 165.478
291.876, 167.18
276.58, 168.324
365.665, 163.155
378.346, 151.196
392.995, 150.665
404.231, 157.809
393.948, 163.797
379.379, 163.618
301.963, 283.261
315.968, 277.562
328.777, 273.293
338.358, 276.187
347.257, 272.35
357.499, 274.822
367.63, 278.896
356.033, 282.387
346.51, 284.057
337.381, 285.367
327.635, 285.537
315.614, 285.017
308.894, 282.788
328.557, 282.156
338.217, 282.466
347.416, 280.975
360.328, 279.163
346.429, 270.553
337.553, 272.112
328.235, 271.736
;
248.137, 146.166
264.633, 136.752
285.245, 136.59
304.78, 139.749
322.92, 147.555
358.637, 147.89
376.048, 142.003
393.857, 139.66
412.407, 139.211
425.628, 148.187
340.303, 166.134
340.285, 189.173
340.52, 211.647
340.657, 234.661
316.625, 244.795
327.831, 249.096
338.821, 251.765
349.582, 249.001
359.921, 244.124
268.624, 164.185
280.187, 154.687
295.828, 155.751
310.468, 168.924
294.764, 170.084
279.008, 170.241
364.966, 169.792
378.189, 156.751
393.721, 156.657
405.375, 165.457
394.44, 171.439
379.069, 170.974
302.065, 282.742
316.193, 276.265
328.931, 272.121
337.871, 275.268
346.196, 272.227
356.011, 276.535
364.161, 282.237
353.627, 284.847
344.143, 285.857
335.462, 286.282
325.909, 285.786
314.251, 284.16
309.182, 282.493
328.26, 282.073
337.577, 282.78
346.171, 281.805
356.799, 282.427
344.453, 270.512
336.017, 271.259
326.938, 270.738
;
245.554, 149.679
262.739, 139.941
283.447, 139.408
303.629, 142.443
324.081, 148.021
357.226, 146.739
375.878, 141.696
394.085, 138.726
412.99, 137.589
427.367, 146.946
340.396, 163.783
340.598, 187.299
341.209, 210.25
341.714, 233.828
314.823, 242.491
327.539, 247.053
340.728, 250.364
352.824, 246.013
364.361, 239.985
265.818, 162.421
277.921, 153.797
293.053, 154.311
308.337, 165.872
292.52, 166.59
277.502, 167.416
368.375, 164.36
380.659, 152.014
395.345, 151.138
407.385, 158.549
396.19, 163.97
381.74, 163.851
302.244, 284.155
316.234, 277.029
329.385, 272.811
339.749, 275.338
349.279, 271.534
359.355, 273.885
369.425, 279.814
357.736, 283.59
348.486, 285.838
338.307, 287.434
327.752, 287.772
315.608, 286.74
309.77, 283.866
329.115, 282.146
339.603, 282.332
349.479, 280.56
362.141, 280.392
348.368, 272.081
338.647, 273.842
328.473, 273.838
;
263.992, 181.9
268.432, 179.772
273.308, 179.326
278.22, 179.79
283.02, 181.341
290.676, 182.051
294.77, 181.309
298.904, 181.291
302.624, 181.845
304.929, 184.192
286.669, 185.369
286.88, 188.853
287.178, 192.276
287.436, 195.835
281.442, 198.217
283.777, 198.743
286.125, 199.196
288.393, 198.947
290.487, 198.226
269.775, 184.985
272.825, 183.859
275.985, 183.758
278.465, 185.64
275.703, 186.153
272.536, 186.033
292.02, 186.4
294.646, 185.083
297.54, 185.306
299.727, 186.771
297.389, 187.526
294.484, 187.186
276.386, 205.832
280.676, 204.411
284.029, 203.464
285.8, 203.87
287.277, 203.449
289.516, 204.337
291.332, 205.966
288.969, 207.492
286.655, 207.872
285.137, 208.055
283.277, 208.08
280.109, 207.776
277.975, 205.764
283.751, 204.93
285.62, 204.973
287.122, 204.808
289.997, 205.78
286.918, 205.495
285.406, 205.711
283.587, 205.729
;
265.25, 181.706
269.432, 179.971
273.942, 179.995
278.398, 180.567
282.511, 182.281
289.912, 182.998
293.689, 182.023
297.506, 181.72
300.976, 182.252
303.039, 184.625
286.086, 186.065
286.232, 189.532
286.489, 192.964
286.743, 196.503
280.785, 198.325
282.977, 199.153
285.308, 199.893
287.575, 199.541
289.58, 198.685
270.488, 185.191
273.376, 184.1
276.238, 184.142
278.435, 185.998
275.904, 186.303
273.049, 186.122
291.049, 186.91
293.566, 185.47
296.256, 185.749
298.221, 187.295
296.125, 187.892
293.513, 187.595
275.457, 204.041
279.751, 203.362
283.159, 203.099
285.013, 203.552
286.923, 203.227
289.207, 203.742
291.233, 204.903
288.623, 206.618
286.211, 206.901
284.272, 207.029
282.32, 206.845
279.188, 206.117
276.892, 204.176
282.845, 204.387
284.842, 204.552
286.765, 204.432
289.945, 204.883
286.501, 204.835
284.626, 204.943
282.689, 204.795
;
242.703, 147.377
259.806, 138.439
280.092, 138.649
299.548, 142.239
319.352, 147.855
354.858, 147.104
373.009, 140.818
390.601, 137.052
409.024, 135.239
423.782, 142.924
336.125, 162.931
336.142, 185.541
336.49, 207.816
336.624, 230.759
311.262, 238.428
323.507, 243.482
336.557, 246.324
348.797, 242.604
360.588, 236.581
264.264, 161.491
276.054, 153.195
291.625, 153.43
306.211, 164.734
291.359, 166.068
275.855, 166.996
364.279, 162.761
377.004, 150.514
391.936, 149.756
403.336, 156.997
393.005, 162.916
378.083, 163.006
299.02, 277.73
312.719, 272.334
325.971, 268.368
336.166, 271.116
345.687, 267.368
357.433, 269.878
367.764, 274.863
355.832, 283.245
344.826, 287.686
334.674, 289.085
323.755, 288.999
311.678, 285.532
306.356, 278.493
325.756, 277.764
336.19, 278.383
346.021, 276.546
359.885, 275.845
344.493, 272.384
334.801, 274.193
324.64, 273.726
;
261.667, 181.073
265.848, 178.667
270.72, 178.233
275.706, 178.361
280.576, 179.94
289.746, 180.648
293.558, 179.764
297.591, 179.74
301.378, 180.231
304.097, 182.181
285.175, 184.577
285.54, 188.042
285.984, 191.503
286.383, 195.124
280.433, 198.413
282.826, 198.992
285.246, 199.425
287.556, 199.072
289.733, 198.29
268.246, 184.747
271.227, 183.38
274.366, 183.193
277.037, 185.058
274.239, 185.565
271.089, 185.552
290.803, 185.567
293.526, 184.05
296.547, 184.305
298.995, 185.91
296.403, 186.56
293.379, 186.256
275.657, 206.966
279.378, 204.575
283.095, 203.34
285.158, 203.764
287.132, 203.295
289.607, 204.494
291.346, 207.085
289.099, 208.559
286.622, 209.063
284.615, 209.301
282.477, 209.271
279.09, 208.807
277.259, 206.795
282.858, 205.12
285.005, 205.158
287.055, 204.964
289.88, 206.764
286.802, 206.515
284.8, 206.722
282.69, 206.618
;
263.185, 181.808
267.161, 179.479
271.649, 178.926
276.26, 179.399
280.881, 180.765
289.21, 181.324
293.037, 180.402
297.046, 180.333
300.634, 181.316
302.853, 183.754
284.934, 184.517
285.176, 187.898
285.501, 191.198
285.843, 194.641
280.108, 197.083
282.359, 197.712
284.701, 198.234
286.969, 197.92
289.101, 197.157
268.909, 184.883
271.889, 183.895
274.823, 183.671
277.258, 185.108
274.628, 185.672
271.722, 185.653
290.476, 185.858
293.114, 184.931
295.8, 185.206
297.932, 186.554
295.591, 187.015
292.92, 186.668
275.379, 204.423
279.463, 202.997
282.76, 202.183
284.704, 202.601
286.526, 202.28
289.019, 203.179
291.246, 204.93
288.632, 206.646
286.033, 206.954
284.227, 207.113
282.219, 206.97
279.128, 206.515
276.817, 204.393
282.555, 203.366
284.578, 203.525
286.417, 203.345
289.983, 204.72
286.221, 205.001
284.464, 205.134
282.491, 204.959
;
263.07, 181.082
267.665, 179.067
272.522, 178.855
277.332, 179.271
282.064, 180.7
291.45, 181.45
295.528, 180.569
299.667, 180.353
303.597, 180.887
306.422, 183.135
286.501, 185.047
286.729, 189.038
287.053, 192.988
287.379, 197.124
281.566, 199.616
283.873, 200.336
286.306, 200.912
288.646, 200.522
290.87, 199.653
269.631, 185.032
272.652, 183.642
275.872, 183.595
278.567, 185.683
275.615, 186.127
272.389, 186.006
292.457, 186.337
295.191, 184.66
298.379, 184.885
300.78, 186.562
298.282, 187.331
295.128, 187.098
277.304, 207.262
281.022, 205.765
284.471, 204.837
286.434, 205.299
288.206, 204.836
290.68, 205.706
292.745, 207.487
290.239, 208.688
287.681, 208.978
285.885, 209.202
283.86, 209.14
280.749, 208.629
279.01, 207.187
284.257, 206.386
286.311, 206.508
288.145, 206.338
291.325, 207.321
287.88, 206.574
286.127, 206.766
284.119, 206.67
;
263.167, 181.085
267.306, 178.942
271.94, 178.627
276.616, 179.137
281.242, 180.541
289.578, 181.242
293.423, 179.931
297.644, 179.818
301.658, 180.173
304.659, 182.168
285.463, 184.816
285.635, 188.71
285.887, 192.572
286.116, 196.633
280.519, 198.797
282.834, 199.665
285.312, 200.297
287.81, 199.814
290.102, 198.772
269.422, 184.511
272.378, 183.288
275.334, 183.172
277.941, 184.958
275.138, 185.344
272.2, 185.29
291.439, 185.469
294.052, 184.076
296.946, 184.309
299.428, 185.799
296.861, 186.356
293.982, 186.09
276.447, 206.365
280.116, 204.947
283.656, 204.133
285.589, 204.53
287.514, 204.062
290.224, 204.826
292.565, 206.479
289.86, 208.684
287.181, 209.343
285.235, 209.568
283.167, 209.527
279.906, 208.804
278.083, 206.441
283.429, 205.465
285.447, 205.602
287.42, 205.347
291.191, 206.453
287.378, 207.084
285.422, 207.302
283.428, 207.161
;
254.547, 141.711
269.84, 132.717
289.571, 133.203
308.876, 137.256
327.457, 144.38
360.811, 144.876
378.008, 140.265
395.562, 137.58
413.619, 136.293
426.131, 144.56
341.543, 158.666
340.928, 178.973
340.415, 198.538
339.892, 218.742
316.291, 219.397
327.16, 224.405
338.93, 228.206
350.691, 224.681
361.666, 219.679
276.513, 152.98
288.437, 148.151
302.412, 149.178
314.557, 157.955
301.012, 158.94
287.254, 158.603
366.93, 159.084
378.849, 150.548
392.022, 150.753
403.29, 156.294
392.324, 161.215
379.007, 160.654
303.843, 244.888
317.242, 243.375
329.738, 242.22
338.09, 244.532
346.174, 242.307
357.612, 243.677
368.136, 246.921
356.275, 257.158
344.5, 261.789
335.818, 262.759
326.847, 261.953
315.418, 256.004
310.161, 245.779
329.106, 248.004
337.734, 249.31
345.995, 248.089
362.047, 247.369
344.852, 250.623
336.568, 251.783
327.997, 250.252
;
263.008, 180.612
267.315, 178.828
271.736, 178.524
276.288, 178.986
280.649, 180.351
288.257, 181.054
292.063, 180.187
295.927, 179.956
299.587, 180.308
302.411, 182.165
284.744, 184.406
285.043, 187.822
285.429, 191.209
285.767, 194.706
280.149, 197.113
282.397, 197.782
284.635, 198.347
286.836, 198.015
288.846, 197.267
268.982, 184.157
271.831, 183.072
274.737, 182.975
277.033, 184.531
274.579, 184.956
271.698, 184.941
290.045, 185.119
292.548, 183.83
295.32, 184.157
297.508, 185.583
295.146, 186.098
292.435, 185.811
275.8, 204.332
279.477, 202.936
282.75, 202.018
284.482, 202.475
286.222, 202.101
288.514, 203.147
290.3, 204.797
287.977, 206.583
285.586, 206.988
283.884, 207.198
282.035, 207.136
279.034, 206.465
277.295, 204.314
282.522, 203.659
284.33, 203.798
286.084, 203.669
288.874, 204.676
285.766, 204.489
284.054, 204.652
282.265, 204.502
;
262.784, 180.582
266.9, 178.353
271.711, 177.822
276.5, 178.282
280.953, 179.965
289.718, 180.785
293.551, 179.693
297.671, 179.713
301.389, 180.417
303.723, 182.863
285.095, 184.497
285.282, 188.058
285.515, 191.574
285.729, 195.219
279.834, 198.016
282.195, 198.693
284.623, 199.207
287.079, 198.849
289.309, 198.077
268.627, 184.276
271.448, 183.051
274.501, 182.962
277.064, 184.841
274.289, 185.287
271.206, 185.273
290.83, 185.688
293.586, 184.302
296.516, 184.583
298.827, 186.125
296.396, 186.835
293.455, 186.502
275.455, 205.877
279.202, 203.958
282.709, 202.812
284.661, 203.271
286.718, 202.889
289.309, 204.005
291.453, 206.158
288.763, 207.897
286.113, 208.286
284.093, 208.444
281.974, 208.369
278.801, 207.842
277.175, 205.858
282.456, 204.58
284.5, 204.695
286.555, 204.522
290.008, 205.967
286.364, 205.6
284.346, 205.754
282.282, 205.635
;
262.794, 180.999
266.762, 178.883
271.238, 178.379
275.785, 178.769
280.213, 180.145
287.257, 180.758
290.996, 179.98
294.933, 179.878
298.5, 180.667
300.731, 182.841
283.837, 184.109
284.075, 187.398
284.422, 190.675
284.756, 194.039
279.146, 196.456
281.366, 197.053
283.616, 197.509
285.634, 197.209
287.586, 196.527
268.426, 184.189
271.161, 182.968
274.04, 182.814
276.233, 184.559
273.876, 185.04
271.048, 185.013
288.732, 185.249
291.138, 183.853
293.794, 184.214
295.888, 185.737
293.649, 186.244
291.009, 185.965
274.635, 204.037
278.512, 202.287
281.77, 201.284
283.505, 201.708
285.227, 201.217
287.307, 202.249
288.959, 204.07
286.846, 205.081
284.751, 205.225
283.005, 205.474
281.201, 205.462
278.178, 205.283
276.169, 203.913
281.511, 202.9
283.342, 202.926
285.092, 202.737
287.631, 203.843
284.93, 202.823
283.21, 203.046
281.427, 203.016
;
262.654, 181.761
266.688, 179.674
271.044, 178.973
275.636, 179.062
279.929, 180.278
287.57, 180.698
291.522, 179.868
295.529, 179.905
299.103, 180.695
301.344, 183.306
283.853, 184.39
284.161, 187.837
284.544, 191.215
284.929, 194.772
279.363, 197.655
281.667, 198.327
283.983, 198.809
286.217, 198.4
288.316, 197.579
268.556, 184.906
271.342, 183.573
274.215, 183.34
276.509, 185.007
274.081, 185.466
271.234, 185.513
289.019, 185.404
291.624, 184.079
294.375, 184.336
296.493, 185.781
294.205, 186.294
291.517, 186.067
275.365, 205.147
278.939, 203.526
282.164, 202.702
283.984, 203.165
285.893, 202.738
288.338, 203.64
290.419, 205.422
288.016, 206.743
285.572, 206.981
283.723, 207.156
281.748, 207.07
278.774, 206.619
276.888, 205.016
281.976, 204.131
283.899, 204.309
285.808, 204.083
289.09, 205.182
285.645, 204.782
283.814, 204.919
281.926, 204.825
;
262.165, 180.972
266.184, 178.83
270.755, 178.353
275.432, 178.954
279.883, 180.447
287.409, 180.991
291.24, 180.236
295.041, 180.163
298.421, 180.886
300.573, 183.316
283.517, 184.503
283.762, 187.972
284.095, 191.366
284.413, 194.9
278.554, 197.145
280.838, 197.91
283.079, 198.47
285.328, 198.209
287.352, 197.471
267.811, 184.013
270.744, 182.917
273.704, 182.791
275.909, 184.528
273.473, 185.032
270.517, 184.995
288.365, 185.452
290.982, 184.167
293.726, 184.511
295.763, 186.129
293.536, 186.703
290.84, 186.329
274.328, 204.574
278.159, 203.074
281.281, 202.294
282.898, 202.759
284.549, 202.484
286.474, 203.505
288.17, 205.304
285.902, 205.965
283.852, 205.874
282.25, 205.943
280.514, 205.8
277.666, 205.554
275.809, 204.425
280.989, 203.678
282.728, 203.861
284.375, 203.78
286.854, 205.051
284.12, 203.717
282.513, 203.767
280.83, 203.638
;
261.037, 181.375
264.941, 179.28
269.468, 178.521
274.222, 178.816
278.823, 180.15
286.451, 180.729
290.348, 179.913
294.396, 179.927
298.082, 180.565
300.344, 182.942
282.6, 184.19
282.882, 187.487
283.236, 190.702
283.592, 194.059
278.097, 196.962
280.278, 197.569
282.435, 197.968
284.515, 197.72
286.475, 197.028
266.615, 184.402
269.472, 183.058
272.579, 182.827
274.953, 184.662
272.45, 185.238
269.341, 185.298
287.928, 185.314
290.558, 183.803
293.444, 184.178
295.535, 185.928
293.247, 186.558
290.364, 186.149
273.638, 205.013
277.452, 203.18
280.782, 202.055
282.393, 202.418
283.987, 202.074
286.298, 203.119
288.004, 205.268
285.753, 206.512
283.371, 206.679
281.759, 206.826
280.039, 206.805
277.077, 206.547
275.196, 204.89
280.51, 203.609
282.236, 203.606
283.849, 203.484
286.6, 205.042
283.623, 204.457
282.042, 204.509
280.362, 204.476
;
262.15, 181.434
266.145, 179.216
270.679, 178.518
275.42, 178.738
279.775, 180.201
286.411, 180.846
290.053, 179.867
293.998, 179.796
297.603, 180.539
300.123, 182.786
282.978, 184.462
283.183, 187.98
283.492, 191.448
283.834, 195.029
278.23, 197.794
280.397, 198.492
282.626, 198.937
284.762, 198.645
286.672, 197.77
267.753, 184.524
270.635, 183.332
273.539, 183.183
275.681, 184.902
273.365, 185.403
270.459, 185.406
287.795, 185.411
290.454, 184.028
293.128, 184.342
295.042, 185.799
292.935, 186.47
290.284, 186.211
273.671, 205.385
277.507, 204.027
280.671, 203.127
282.457, 203.526
284.164, 203.086
286.231, 203.94
288.155, 205.36
285.672, 206.507
283.574, 206.623
281.883, 206.827
280.017, 206.816
277.094, 206.646
275.141, 205.231
280.444, 204.445
282.348, 204.529
284.047, 204.335
286.88, 205.196
283.749, 204.465
282.094, 204.684
280.251, 204.717
;
261.804, 181.161
265.932, 179.248
270.317, 178.64
274.952, 179.091
279.314, 180.479
287.321, 181.071
291.415, 180.192
295.613, 180.153
299.347, 181.12
301.763, 183.741
283.241, 184.775
283.346, 187.837
283.533, 190.851
283.709, 194.039
278.406, 197.118
280.632, 197.828
282.824, 198.35
285.099, 198.076
287.203, 197.413
267.579, 184.76
270.524, 183.764
273.476, 183.579
275.833, 185.145
273.289, 185.561
270.383, 185.472
289.006, 185.883
291.696, 184.793
294.434, 185.133
296.673, 186.53
294.259, 186.971
291.539, 186.625
274.333, 205.166
277.93, 203.254
281.065, 202.252
282.922, 202.71
284.739, 202.408
287.401, 203.52
289.561, 205.763
286.855, 206.952
284.163, 207.012
282.364, 207.105
280.439, 206.95
277.533, 206.637
275.833, 205.067
280.866, 203.807
282.797, 203.982
284.605, 203.862
288.183, 205.461
284.335, 205.054
282.586, 205.004
280.662, 204.867
;
261.854, 181.665
265.836, 179.272
270.571, 178.708
275.389, 179.151
279.853, 180.855
286.136, 181.639
290.253, 180.706
294.564, 180.745
298.549, 181.482
300.851, 184.37
282.756, 184.813
282.826, 188.286
282.931, 191.728
283.043, 195.34
277.632, 197.906
279.773, 198.628
281.987, 199.21
284.228, 198.895
286.296, 198.204
267.351, 184.569
270.181, 183.256
273.112, 183.158
275.586, 184.957
272.942, 185.371
269.994, 185.369
288.101, 185.885
290.8, 184.578
293.571, 184.924
295.635, 186.614
293.315, 187.112
290.577, 186.688
273.103, 205.332
276.758, 203.99
279.957, 203.231
281.837, 203.768
283.722, 203.391
286.151, 204.35
288.462, 205.906
285.719, 207.435
283.261, 207.548
281.396, 207.659
279.433, 207.53
276.468, 207.053
274.571, 205.394
279.739, 204.646
281.74, 204.859
283.632, 204.707
287.158, 205.825
283.486, 205.499
281.643, 205.601
279.7, 205.43
;
261.235, 181.193
265.426, 178.996
270.203, 178.661
274.998, 179.053
279.681, 180.383
287.58, 180.995
291.514, 179.955
295.624, 179.908
299.447, 180.432
301.967, 182.827
283.481, 185.005
283.779, 188.781
284.153, 192.472
284.52, 196.382
278.697, 199.121
281.038, 199.848
283.423, 200.378
285.719, 199.968
287.917, 199.121
267.257, 184.526
270.204, 183.227
273.264, 183.101
275.736, 184.981
273.073, 185.361
270.013, 185.342
289.3, 185.526
291.982, 183.976
294.893, 184.205
297.198, 185.827
294.794, 186.432
291.905, 186.146
274.429, 207.063
278.158, 205.314
281.615, 204.263
283.683, 204.724
285.697, 204.248
288.247, 205.281
290.395, 207.125
287.976, 208.914
285.442, 209.453
283.416, 209.719
281.237, 209.653
277.962, 209.096
276.107, 207.082
281.414, 205.817
283.549, 205.923
285.612, 205.717
288.992, 207.002
285.557, 207.082
283.53, 207.221
281.397, 207.127
;
261.836, 181.267
265.941, 179.197
270.449, 178.755
275.044, 179.032
279.523, 180.371
287.496, 181.261
291.468, 180.142
295.676, 180.206
299.641, 180.798
302.245, 183.313
283.449, 184.746
283.555, 188.368
283.704, 191.906
283.814, 195.68
278.476, 198.366
280.731, 199.11
283.148, 199.721
285.457, 199.379
287.706, 198.649
267.693, 184.652
270.63, 183.383
273.54, 183.277
276.035, 185.184
273.285, 185.474
270.423, 185.392
289.375, 185.935
292.088, 184.527
294.941, 184.749
297.235, 186.38
294.791, 186.851
291.926, 186.533
274.27, 206.112
277.93, 204.586
281.234, 203.744
283.362, 204.208
285.318, 203.822
287.907, 204.868
290.244, 206.846
287.481, 208.379
284.886, 208.555
282.931, 208.686
280.779, 208.498
277.661, 207.969
275.811, 206.161
281.045, 205.312
283.25, 205.487
285.237, 205.386
288.875, 206.669
285.069, 206.255
283.139, 206.228
280.99, 206.015
;
262.369, 180.629
266.744, 178.784
271.414, 178.613
276.082, 179.275
280.435, 181.036
287.357, 181.752
291.367, 181.078
295.357, 181.017
298.941, 181.524
301.256, 183.535
283.743, 185.168
283.921, 188.431
284.208, 191.68
284.492, 195.007
278.726, 197.242
280.883, 197.93
283.027, 198.448
285.113, 198.271
287.088, 197.596
267.932, 184.475
271.008, 183.52
273.904, 183.464
276.157, 185.045
273.682, 185.535
270.801, 185.434
288.638, 186.05
291.311, 184.949
294, 185.361
296.11, 186.769
293.765, 187.306
291.086, 186.91
274.145, 204.311
278.006, 202.875
281.168, 202.012
282.853, 202.38
284.474, 202.071
286.518, 203.012
288.215, 204.793
286.036, 205.911
283.982, 206.173
282.334, 206.353
280.577, 206.317
277.639, 205.965
275.596, 204.273
280.908, 203.487
282.693, 203.535
284.336, 203.393
286.921, 204.557
284.215, 203.88
282.617, 204.008
280.905, 203.955
;
262.022, 181.82
266.071, 179.593
270.596, 179.049
275.37, 179.287
279.993, 180.709
287.176, 181.364
291.16, 180.441
295.218, 180.511
299.08, 181.229
301.741, 183.629
283.628, 184.986
283.842, 188.443
284.114, 191.797
284.391, 195.385
279.046, 198.136
281.246, 198.791
283.54, 199.267
285.768, 198.896
287.874, 198.149
268.167, 184.887
271.001, 183.832
273.859, 183.698
276.169, 185.36
273.635, 185.801
270.79, 185.711
289.09, 186.027
291.689, 184.75
294.433, 185.006
296.587, 186.422
294.284, 186.97
291.555, 186.722
275.087, 205.87
278.598, 204.146
281.933, 203.177
283.786, 203.568
285.612, 203.159
287.998, 204.03
290.019, 205.915
287.662, 207.035
285.262, 207.212
283.484, 207.408
281.555, 207.379
278.5, 207.073
276.596, 205.753
281.703, 204.527
283.65, 204.662
285.501, 204.455
288.635, 205.716
285.395, 205.153
283.639, 205.29
281.72, 205.171
;
262.47, 180.993
266.421, 179.102
270.648, 178.457
274.995, 178.814
279.214, 180.319
287.756, 180.991
291.442, 180.037
295.179, 179.853
298.624, 180.492
300.959, 182.497
283.603, 185.183
283.975, 188.698
284.427, 192.122
284.828, 195.646
279.366, 198.452
281.461, 199.094
283.669, 199.521
285.835, 199.217
287.839, 198.435
267.898, 184.979
270.749, 183.738
273.767, 183.57
276.135, 185.45
273.571, 185.994
270.554, 185.964
288.704, 186.083
291.437, 184.601
294.26, 184.857
296.403, 186.429
294.122, 187.188
291.293, 186.896
274.677, 205.192
278.699, 204.074
281.993, 203.242
283.725, 203.642
285.477, 203.204
287.8, 203.975
289.838, 205.501
287.358, 206.995
284.97, 207.449
283.265, 207.682
281.392, 207.603
278.371, 207.087
276.176, 205.282
281.754, 204.83
283.597, 204.972
285.314, 204.721
288.512, 205.406
285.152, 205.175
283.484, 205.309
281.665, 205.187
;
261.811, 181.712
265.921, 179.608
270.464, 178.869
275.311, 179.038
279.84, 180.53
287.635, 181.27
291.393, 180.202
295.48, 180.19
299.289, 180.802
301.685, 183.16
283.763, 184.804
284.03, 188.342
284.399, 191.815
284.76, 195.488
279.208, 197.99
281.43, 198.641
283.736, 199.089
285.864, 198.742
287.893, 197.911
268.01, 184.709
270.92, 183.575
273.834, 183.437
276.033, 185.003
273.572, 185.429
270.693, 185.373
289.103, 185.613
291.575, 184.311
294.32, 184.53
296.455, 185.935
294.152, 186.503
291.458, 186.206
274.411, 205.686
278.256, 204.031
281.832, 203.077
283.736, 203.476
285.48, 203.033
287.769, 203.92
289.744, 205.821
287.282, 207.741
284.869, 208.266
283.057, 208.544
281.05, 208.491
277.743, 207.795
275.849, 205.586
281.594, 204.511
283.601, 204.629
285.368, 204.338
288.315, 205.654
285.074, 205.826
283.296, 206.081
281.328, 205.967
;
262.856, 182.096
266.811, 180.099
271.146, 179.544
275.654, 179.779
279.976, 181.123
287.737, 182.065
291.73, 180.995
295.883, 180.936
299.583, 181.809
301.953, 184.336
283.799, 185.494
283.932, 188.844
284.17, 192.135
284.4, 195.625
278.885, 198.422
281.086, 199.154
283.395, 199.628
285.637, 199.388
287.732, 198.661
268.442, 185.395
271.325, 184.056
274.333, 183.96
276.648, 185.986
274.054, 186.378
271.06, 186.286
289.03, 186.73
291.709, 185.15
294.647, 185.444
296.803, 187.156
294.498, 187.78
291.566, 187.441
275.148, 206.177
278.615, 204.478
281.666, 203.676
283.44, 204.087
285.181, 203.739
287.415, 204.798
289.354, 206.799
287.035, 207.827
284.686, 207.989
282.947, 208.139
281.088, 208.06
278.328, 207.737
276.575, 206.071
281.429, 205.012
283.303, 205.18
285.103, 205
288.099, 206.498
284.88, 205.86
283.165, 205.971
281.337, 205.828
;
262.63, 181.185
266.432, 179.029
270.758, 178.586
275.259, 179.121
279.678, 180.537
287.674, 181.45
291.808, 180.569
296.058, 180.583
299.908, 181.463
302.34, 184.146
283.622, 184.808
283.755, 188.092
283.947, 191.29
284.138, 194.724
278.7, 197.275
280.855, 198.002
283.132, 198.537
285.432, 198.279
287.615, 197.577
268.027, 184.477
270.94, 183.421
273.901, 183.289
276.306, 185.016
273.639, 185.499
270.694, 185.399
289.433, 186.043
292.125, 184.886
294.961, 185.279
297.139, 186.766
294.726, 187.374
291.899, 186.973
274.692, 204.403
278.492, 203.218
281.601, 202.502
283.198, 202.898
284.812, 202.64
287.213, 203.559
289.766, 205.231
286.868, 206.608
284.419, 206.659
282.765, 206.749
281.049, 206.634
278.183, 206.173
276.197, 204.421
281.363, 203.765
283.084, 203.93
284.712, 203.84
288.358, 205.038
284.608, 204.628
283.012, 204.621
281.313, 204.429
;
261.927, 180.859
266.37, 179.117
271.005, 178.83
275.674, 179.147
280.256, 180.555
289.157, 181.296
293.004, 180.281
297.145, 180.233
300.989, 180.479
303.86, 182.33
284.458, 184.777
284.612, 188.776
284.866, 192.72
285.113, 196.844
279.203, 199.028
281.663, 199.812
284.176, 200.341
286.704, 199.887
289.018, 198.991
268.19, 184.176
271.162, 182.88
274.304, 182.778
276.862, 184.803
274.086, 185.311
270.935, 185.244
290.132, 185.313
292.899, 183.584
295.853, 183.812
298.313, 185.331
295.821, 186.202
292.855, 185.967
274.789, 205.936
278.65, 204.916
282.308, 204.105
284.151, 204.496
285.957, 203.977
288.58, 204.691
290.828, 205.994
288.057, 207.381
285.501, 207.893
283.649, 208.215
281.677, 208.233
278.302, 207.743
276.387, 205.97
282.113, 205.421
284.06, 205.515
285.909, 205.24
289.457, 205.893
285.632, 205.682
283.788, 205.911
281.864, 205.896
;
263.717, 179.552
267.665, 177.287
272.215, 176.896
276.781, 177.507
280.984, 179.053
287.605, 179.143
291.888, 178.418
296.126, 178.416
299.984, 179.372
302.337, 181.934
284.372, 183.307
284.41, 186.927
284.508, 190.518
284.634, 194.299
278.88, 197.081
281.243, 197.894
283.622, 198.428
286.069, 198.094
288.353, 197.359
269.116, 183.354
271.941, 182.232
274.765, 182.175
277.039, 183.749
274.582, 184.068
271.784, 184.069
289.711, 184.41
292.374, 183.153
295.077, 183.522
297.32, 184.922
294.888, 185.308
292.243, 185.015
275.027, 205.255
278.734, 203.638
282.036, 202.739
283.785, 203.215
285.591, 202.79
288.082, 203.903
290.296, 205.795
287.634, 207.298
285.102, 207.466
283.31, 207.602
281.466, 207.534
278.355, 206.921
276.574, 205.253
281.82, 204.298
283.648, 204.475
285.489, 204.261
288.88, 205.663
285.265, 205.046
283.475, 205.201
281.666, 205.06
;
263.206, 179.556
267.082, 177.612
271.524, 177.435
275.954, 178.05
280.241, 179.318
288.144, 179.794
291.864, 178.818
295.756, 178.578
299.406, 178.94
302.023, 180.843
284.033, 183.708
284.081, 187.222
284.172, 190.659
284.304, 194.26
279.138, 196.967
281.285, 197.598
283.474, 198
285.66, 197.767
287.744, 197.017
268.755, 183.321
271.668, 182.186
274.726, 182.032
276.929, 183.94
274.472, 184.55
271.424, 184.472
289.657, 184.384
292.14, 182.772
295.003, 182.995
297.185, 184.453
294.984, 185.334
292.139, 185.194
275.297, 204.235
278.943, 203.109
281.981, 202.254
283.474, 202.599
285.016, 202.217
287.285, 203.127
289.451, 204.269
286.814, 205.437
284.515, 205.737
283.031, 205.953
281.39, 205.972
278.663, 205.673
276.838, 204.187
281.79, 203.58
283.376, 203.633
284.92, 203.431
287.953, 204.275
284.708, 203.355
283.201, 203.536
281.668, 203.459
;
262.722, 179.158
266.849, 177.037
271.695, 177.076
276.287, 178.027
280.611, 179.751
287.63, 180.347
291.84, 179.139
296.129, 178.863
300.224, 179.12
303.141, 181.365
284.055, 183.644
284.022, 187.726
284.05, 191.76
284.054, 195.983
278.201, 197.809
280.686, 198.809
283.196, 199.502
285.842, 199.129
288.28, 198.186
268.006, 183.032
270.918, 182.022
273.868, 182.012
276.43, 183.72
273.704, 184.007
270.74, 183.981
290.12, 184.491
292.937, 183.225
295.841, 183.517
298.303, 184.867
295.637, 185.545
292.759, 185.188
274.521, 205.402
278.194, 204.301
281.5, 203.533
283.39, 204.027
285.326, 203.581
287.883, 204.571
290.291, 206.102
287.349, 207.561
284.65, 207.813
282.683, 208.004
280.697, 207.871
277.762, 207.155
276.12, 205.6
281.225, 205.183
283.214, 205.29
285.214, 205.19
288.791, 206.103
284.928, 205.127
282.963, 205.269
281.048, 205.123
;
262.922, 179.017
267.063, 176.892
271.787, 176.719
276.528, 177.235
280.981, 178.621
288.326, 179.237
292.356, 178.151
296.611, 178.104
300.526, 178.95
303.365, 181.117
284.568, 182.878
284.62, 186.711
284.722, 190.507
284.837, 194.455
279.442, 197.069
281.684, 197.892
283.941, 198.403
286.301, 198.142
288.567, 197.316
268.416, 182.521
271.435, 181.356
274.443, 181.325
276.902, 183.279
274.16, 183.71
271.12, 183.627
290.402, 184.085
293.085, 182.524
296.069, 182.778
298.459, 184.31
296.002, 185.095
293.081, 184.856
276.001, 205.004
279.683, 203.683
282.653, 202.754
284.254, 203.224
285.938, 202.826
288.294, 203.865
290.747, 205.447
287.829, 206.981
285.416, 207.089
283.776, 207.205
282.091, 207.128
279.346, 206.644
277.572, 205.051
282.433, 204.349
284.115, 204.564
285.838, 204.38
289.318, 205.381
285.612, 204.515
283.989, 204.586
282.348, 204.361
;
261.951, 179.272
265.983, 176.582
271.023, 176.117
276.111, 176.902
280.936, 178.725
289.088, 179.5
293.168, 178.085
297.474, 177.683
301.675, 178.121
304.913, 180.228
285.019, 182.834
285.316, 186.929
285.647, 191.014
286.025, 195.239
280.361, 197.701
282.744, 198.501
285.216, 199.06
287.638, 198.593
289.998, 197.608
268.508, 182.671
271.422, 181.508
274.538, 181.401
277.272, 183.202
274.39, 183.567
271.318, 183.543
291.357, 183.847
294.034, 182.446
297.11, 182.622
299.689, 184.062
297.002, 184.739
293.996, 184.489
276.742, 205.542
280.345, 204.188
283.747, 203.291
285.675, 203.671
287.538, 203.169
290.001, 204.064
292.082, 205.616
289.68, 206.785
287.178, 207.263
285.32, 207.542
283.402, 207.478
280.237, 206.901
278.445, 205.554
283.556, 204.635
285.563, 204.748
287.439, 204.537
290.517, 205.507
287.322, 204.968
285.494, 205.192
283.56, 205.046
;
262.319, 178.315
266.59, 176.394
271.326, 176.234
276.115, 176.91
280.703, 178.503
289.435, 178.95
293.414, 177.886
297.517, 177.434
301.445, 177.646
304.52, 179.362
284.808, 182.745
284.997, 186.801
285.203, 190.808
285.438, 194.986
279.897, 197.443
282.193, 198.223
284.568, 198.752
287.025, 198.397
289.357, 197.531
268.544, 182.356
271.47, 181.137
274.585, 180.973
277.092, 182.854
274.408, 183.383
271.278, 183.368
290.984, 183.317
293.493, 181.701
296.488, 181.859
298.932, 183.298
296.456, 184.12
293.554, 183.966
276.328, 204.982
279.832, 203.881
283.004, 203.12
284.674, 203.571
286.324, 203.101
288.724, 203.951
291.05, 205.493
288.27, 206.854
285.845, 206.927
284.191, 207.035
282.482, 207.002
279.57, 206.537
277.944, 205.049
282.841, 204.382
284.576, 204.527
286.288, 204.305
289.702, 205.417
286.023, 204.551
284.375, 204.723
282.696, 204.589
;
262.432, 178.68
266.526, 176.171
271.502, 175.756
276.362, 176.264
280.997, 177.97
289.607, 178.472
293.906, 177.141
298.499, 176.894
302.833, 177.699
305.899, 180.302
285.048, 182.152
285.086, 186.329
285.175, 190.573
285.289, 194.921
279.61, 197.256
282.032, 198.138
284.483, 198.825
287.05, 198.359
289.545, 197.448
268.403, 182.151
271.416, 181.028
274.512, 180.959
277.111, 182.719
274.275, 183.038
271.179, 183.012
291.763, 183.34
294.567, 182.092
297.567, 182.312
300.227, 183.8
297.446, 184.256
294.454, 183.993
275.238, 204.979
278.997, 203.668
282.587, 202.813
284.742, 203.276
286.749, 202.786
289.614, 203.711
292.223, 205.294
289.12, 207.469
286.187, 208.177
284.1, 208.364
281.892, 208.212
278.603, 207.291
276.95, 205.095
282.305, 204.555
284.559, 204.722
286.648, 204.488
290.659, 205.297
286.406, 205.047
284.377, 205.279
282.185, 205.071
;
262.469, 178.554
267.004, 176.75
271.894, 176.54
276.712, 177.237
281.261, 178.868
289.237, 178.763
292.657, 177.366
296.363, 176.507
299.978, 176.168
303.01, 177.423
285.601, 182.334
286.147, 185.96
286.782, 189.619
287.421, 193.428
281.508, 195.963
283.947, 196.53
286.265, 196.866
288.361, 196.314
290.291, 195.244
269.158, 182.165
272.013, 181.055
274.987, 180.786
277.33, 182.379
274.795, 183.042
271.864, 183.064
290.655, 181.988
292.798, 180.375
295.569, 180.303
297.91, 181.404
295.712, 182.428
293.019, 182.432
277.842, 203.392
281.445, 202.305
284.679, 201.326
286.112, 201.599
287.269, 201.084
289.091, 201.543
290.816, 202.277
288.862, 203.712
287.064, 204.292
285.873, 204.593
284.404, 204.796
281.239, 204.573
279.429, 203.193
284.53, 202.365
286.023, 202.375
287.204, 201.993
289.512, 202.274
287.149, 202.02
285.983, 202.398
284.545, 202.531
;
243.32, 143.174
257.535, 133.587
275.578, 131.858
293.963, 133.388
311.847, 138.142
344.14, 134.608
361.957, 128.46
380.883, 125.612
400.333, 125.211
416.518, 133.076
327.687, 153.427
327.563, 173.309
327.38, 192.617
327.143, 212.696
304.188, 218.175
315.943, 222.434
328.243, 225.275
340.594, 221.459
352.029, 216.603
264.147, 155.503
275.124, 148.523
289.054, 148.061
302.011, 156.359
288.893, 158.375
275.226, 159.231
356.488, 152.907
368.418, 143.038
381.95, 142.38
393.808, 148.145
382.527, 153.02
369.142, 153.237
291.379, 250.385
303.302, 241.51
316.77, 237.437
327.921, 239.019
338.519, 236.454
352.725, 239.219
365.428, 246.067
351.989, 258.311
338.575, 263.027
327.551, 264.689
315.878, 264.757
303.052, 261.288
297.509, 249.752
316.748, 245.52
328.24, 246.374
339.056, 244.733
359.034, 246.341
338.08, 250.094
327.437, 251.999
316.197, 251.856
;
242.507, 137.894
256.079, 129.388
274.064, 129.066
292.355, 130.788
310.561, 134.459
347.339, 131.966
364.81, 126.723
381.9, 123.96
399.076, 122.418
414.729, 127.319
328.933, 148.626
329.47, 168.174
329.943, 187.083
330.333, 206.263
309.666, 208.521
319.92, 211.905
330.911, 214.589
341.853, 211.274
352.23, 207.092
264.843, 146.897
276.471, 140.397
290.3, 140.174
302.931, 149.056
289.644, 151.298
276.082, 151.949
356.259, 146.811
367.726, 136.751
381.487, 135.565
393.181, 140.953
382.918, 147.328
368.986, 147.861
299.362, 231.717
311.483, 230.438
323.655, 228.561
331.801, 230.63
340.327, 228.294
352.555, 228.922
363.939, 229.197
352.028, 239.803
339.907, 245.166
331.133, 246.379
322.283, 245.639
310.879, 241.28
305.491, 233.074
323.509, 233.885
331.853, 234.956
340.575, 233.577
357.465, 231.045
339.396, 234.466
330.97, 235.963
322.563, 234.699
;
237.297, 142.584
251.672, 130.577
270.863, 126.756
290.668, 126.163
309.518, 131.623
343.978, 128.222
361.002, 121.293
379.001, 118.994
397.223, 119.271
411.554, 128.457
327.465, 148.783
328.835, 169.056
330.551, 188.718
332.15, 209.023
306.983, 216.73
319.308, 220.055
332.091, 222.355
343.633, 218.398
354.269, 213.609
257.556, 154.254
268.764, 146.077
282.679, 145.107
296.548, 153.409
283.146, 155.691
269.395, 157.262
355.494, 148.774
367.355, 138.291
380.881, 137.195
392.099, 143.799
381.784, 148.851
368.427, 149.159
292.322, 252.369
305.612, 241.974
320.405, 236.67
331.704, 238.476
341.35, 235.227
355.172, 238.047
366.052, 245.789
354.854, 257.441
342.066, 263.068
331.447, 265.375
319.982, 265.489
305.836, 262.291
298.928, 251.313
320.666, 246.63
331.997, 246.663
342.078, 244.949
359.451, 246.013
341.149, 249.187
330.988, 251.529
319.946, 252.019
;
240.016, 138.632
254.733, 128.858
273.248, 127.502
292.42, 129.03
311.42, 134.288
345.384, 131.842
363.845, 126.589
382.525, 124.727
401.29, 125.289
415.443, 134.486
327.424, 152.172
327.513, 171.184
327.722, 189.657
327.835, 208.88
304.724, 215.804
316.074, 219.474
327.744, 222.05
339.554, 218.742
350.788, 214.64
260.285, 151.967
271.481, 144.099
285.799, 144.446
298.792, 154.707
284.84, 156.233
270.829, 156.787
355.043, 153.391
366.519, 142.114
380.579, 141.303
392.707, 148.415
381.627, 153.78
367.473, 154.094
293.516, 246.206
306.352, 240.548
319.169, 237.148
328.044, 238.899
336.569, 236.384
349.511, 238.989
361.885, 243.931
349.197, 252.024
336.911, 255.452
327.95, 256.702
318.178, 256.716
306.131, 254.139
300.373, 246.221
318.899, 245.018
328.157, 245.698
336.951, 244.359
355.634, 244.103
336.426, 243.954
327.704, 245.134
318.477, 245.044
