;
289.587, 229.413
305.574, 212.221
330.469, 210.718
353.743, 215.271
376.992, 224.014
411.117, 223.771
435.038, 213.73
459.609, 208.866
484.605, 213.583
498.786, 233.471
394.042, 252.259
393.905, 273.279
393.805, 293.579
393.843, 314.936
368.239, 337.196
380.804, 340.266
394.02, 342.444
405.865, 340.284
417.621, 337.558
317.127, 260.048
330.426, 251.157
348.464, 250.227
364.624, 260.585
348.222, 265.921
330.237, 266.769
424.213, 260.033
441.063, 249.659
458.989, 250.052
471.499, 258.558
459.585, 265.898
441.407, 264.849
348.621, 382.612
364.194, 371.15
381.106, 364.332
393.34, 367.245
405.208, 364.171
420.207, 370.558
434.812, 382.856
421.056, 391.895
407.419, 395.439
394.651, 396.14
381.933, 395.508
365.881, 392.35
356.038, 382.462
381.19, 378.97
393.694, 379.567
405.9, 378.392
426.964, 382.613
406.266, 377.332
394.308, 378.454
381.861, 377.535
;
282.889, 228.695
298.083, 208.296
323.848, 205.509
349.079, 210.387
372.42, 221.084
401.497, 220.264
425.349, 208.62
451.377, 203.531
477.422, 208.823
491.943, 229.019
386.523, 249.58
387.068, 269.783
387.597, 289.214
388.295, 309.997
362.351, 333.875
374.649, 336.713
387.495, 339.181
399.782, 336.728
411.977, 334.553
309.176, 256.252
322.732, 249.586
340.23, 249.05
355.706, 257.903
340.295, 262.043
322.552, 262.669
417.534, 259.25
434.223, 250.774
451.684, 251.277
465.055, 258.342
451.985, 264.456
434.53, 263.588
344.081, 380.269
360.736, 368.762
376.725, 361.52
388.632, 364.51
400.752, 361.285
416.626, 367.68
432.257, 380.499
416.736, 389.102
401.979, 391.762
388.971, 392.593
376.493, 392.073
361.411, 389.534
351.632, 380.066
376.757, 375.877
388.836, 376.674
401.41, 375.528
424.479, 379.634
400.914, 373.95
388.54, 374.935
376.704, 374.217
;
279.075, 228.102
293.505, 208.366
318.389, 204.591
342.299, 209.045
364.438, 219.512
396.66, 219.005
420.509, 207.38
446.732, 201.509
473.194, 207.02
488.765, 226.951
380.837, 247.528
381.218, 268.139
381.587, 288.593
381.922, 309.969
357.429, 333.034
369.985, 335.989
382.764, 339.036
395.085, 336.159
407.541, 333.458
304.013, 256.973
316.658, 250.888
332.566, 250.632
348.262, 258.089
332.493, 261.8
316.652, 262.316
415.385, 257.724
432.14, 250.102
448.673, 250.229
461.913, 256.699
448.997, 262.09
432.537, 261.408
339.057, 378.831
355.057, 366.098
370.553, 359.141
382.709, 361.794
394.578, 358.748
410.305, 365.435
428.482, 378.253
411.183, 386.692
396.752, 389.082
383.987, 390.088
371.372, 389.415
355.986, 386.617
346.47, 377.851
370.775, 373.295
382.977, 374.279
395.084, 372.938
419.785, 377.28
395.396, 370.746
383.338, 371.866
371.444, 370.94
;
277.868, 225.012
293.321, 206.5
318.186, 204.741
341.858, 209.456
363.871, 219.641
396.063, 218.895
419.711, 207.882
445.14, 202.749
470.47, 207.533
485.042, 226.956
380.586, 247.353
380.797, 267.815
380.952, 287.831
381.086, 308.89
356.41, 332.429
369.052, 335.195
381.708, 337.747
393.373, 335.738
405.545, 333.673
301.822, 255.632
315.497, 248.789
332.591, 248.74
348.535, 257.36
332.173, 261.332
314.987, 261.515
412.525, 257.873
429.104, 249.497
446.386, 249.412
460.441, 256.439
447.216, 262.604
429.789, 261.972
336.789, 379.172
353.474, 366.577
369.335, 359.102
381.15, 362.051
393.165, 358.572
409.165, 366.103
426.75, 378.967
410.338, 389.617
395.641, 392.611
382.721, 393.412
370.222, 392.647
354.416, 388.977
344.839, 378.59
369.53, 374.87
381.532, 375.615
393.853, 374.33
417.235, 378.457
393.983, 372.365
381.925, 373.083
370.082, 372.446
;
277.178, 228.526
291.328, 208.55
315.325, 204.721
338.936, 208.871
361.26, 218.673
395.777, 217.667
419.017, 206.938
445.104, 201.891
471.306, 207.018
487.012, 226.892
378.579, 247.357
378.805, 267.688
379.04, 287.357
379.229, 308.085
355.045, 333.777
367.204, 335.998
379.675, 338.469
391.753, 336.133
404.092, 334.349
301.835, 256.66
314.392, 249.587
330.778, 249.005
346.537, 257.931
330.556, 261.528
314.343, 261.712
413.17, 257.318
428.615, 248.609
445.54, 248.918
459.501, 255.992
446.203, 261.778
429.244, 261.07
337.052, 380.47
351.891, 366.808
367.71, 359.123
380.088, 361.604
392.735, 358.348
409.236, 365.367
426.36, 379.772
409.806, 389.258
394.601, 392.155
381.161, 393.462
368.199, 393.052
353.169, 390.322
344.915, 379.477
368.118, 373.286
380.522, 373.675
393.418, 372.408
417.416, 378.686
393.192, 374.151
380.512, 375.436
368.19, 374.885
;
276.966, 226.917
291.312, 208.893
314.279, 204.684
337.148, 208.735
359.022, 217.446
393.476, 217.988
416.702, 207.395
441.812, 202.189
467.089, 207.446
482.839, 226.525
376.755, 246.404
377.047, 267.707
377.264, 288.526
377.312, 310.239
353.406, 333.288
365.348, 335.968
377.937, 338.803
390.372, 336.171
402.702, 333.61
299.522, 256.428
312.154, 249.223
328.534, 248.422
344.854, 256.909
328.409, 261.351
312.348, 261.771
410.459, 257.024
427.383, 248.774
444.489, 249.23
457.812, 256.304
444.609, 262.015
427.253, 261.145
335.769, 377.398
350.004, 365.27
365.715, 357.918
378.041, 361.063
390.122, 357.911
406.504, 363.734
423.993, 377.228
407.311, 386.233
392.291, 388.718
379.477, 389.54
366.662, 388.721
352.05, 386.9
342.731, 376.839
366.074, 372.894
378.3, 373.774
390.865, 372.661
415.682, 376.068
390.916, 370.11
378.838, 371.203
366.567, 370.31
;
275.101, 225.969
289.753, 207.75
315.078, 205.4
338.817, 210.074
361.333, 220.478
392.016, 220.455
415.564, 209.019
441.097, 203.277
467.115, 207.436
483.433, 226.365
376.825, 248.31
377.183, 269.31
377.392, 290.022
377.615, 311.731
353.549, 334.064
365.533, 336.866
377.991, 339.455
389.963, 336.676
402.277, 334.285
298.462, 254.725
311.279, 248.635
327.209, 248.529
343.645, 257.019
327.053, 260.558
311.068, 260.671
412.056, 257.342
428.526, 249.545
444.744, 249.53
457.638, 255.786
444.961, 261.856
428.507, 261.236
335.199, 379.054
351.477, 367.642
367.776, 360.32
378.989, 363.02
389.985, 359.96
405.37, 366.268
423.137, 378.377
406.694, 388.159
392.49, 390.228
380.492, 390.999
368.446, 390.637
353.09, 388.906
343.082, 378.996
368.105, 375.287
379.349, 375.82
390.504, 374.547
414.71, 377.449
391.017, 371.206
379.845, 372.244
368.46, 371.716
;
277.04, 226.668
290.8, 207.33
315.184, 203.418
338.544, 208.593
360.793, 217.499
395.563, 217.854
419.216, 207.414
444.326, 201.538
470.135, 206.39
484.255, 226.645
377.958, 245.272
378.457, 266.292
379.174, 286.693
380.038, 308.341
355.06, 331.838
367.239, 334.897
379.505, 337.406
391.395, 335.099
403.088, 332.334
299.519, 253.671
312.954, 245.445
330.182, 244.879
345.865, 255.49
329.711, 259.824
312.593, 260.12
411.129, 255.736
427.676, 245.733
445.435, 245.917
458.312, 254.313
446.098, 261.34
427.927, 260.418
337.47, 378.28
352.781, 365.618
368.38, 358.537
379.803, 361.541
391.72, 358.402
407.502, 365.408
423.592, 379.048
408.262, 387.67
393.522, 390.3
381.114, 390.969
368.881, 390.331
354.132, 387.876
345.216, 377.588
368.476, 372.97
380.054, 373.845
392.103, 372.89
415.773, 377.662
392.533, 372.063
380.62, 372.829
368.994, 372.028
;
276.227, 228.219
289.371, 207.933
313.17, 202.771
337.106, 206.92
360.387, 215.768
394.002, 217.707
417.132, 206.9
443.167, 200.836
469.217, 206.17
484.18, 226.19
377.256, 244.8
377.866, 267.2
378.392, 288.612
379.102, 311.208
354.922, 334.004
366.713, 336.98
379.021, 339.468
391.219, 336.336
403.265, 333.219
299.815, 253.359
312.334, 243.786
329.912, 243.364
346.021, 254.572
329.167, 259.884
311.662, 260.159
409.091, 254.289
424.755, 243.016
443.328, 243.421
456.895, 253.126
443.831, 260.602
424.933, 259.596
337.123, 379.746
351.731, 367.274
367.411, 359.812
380.002, 362.546
391.235, 359.382
407.255, 365.11
423.452, 379.28
407.867, 388.382
392.909, 391.66
380.589, 392.508
367.348, 391.752
352.999, 389.503
344.505, 379.123
367.556, 374.129
380.293, 374.669
391.794, 373.645
415.72, 377.545
391.896, 372.891
380.412, 374.273
367.574, 373.426
;
273.475, 230.05
287.515, 209.571
312.757, 204.529
337.471, 208.855
361.561, 218.035
392.944, 218.74
417.764, 207.88
445.056, 202.433
472.068, 208.4
486.899, 229.872
376.962, 245.065
377.051, 267.66
377.299, 289.799
377.412, 312.75
352.821, 332.954
364.996, 336.006
377.715, 339.379
390.185, 336.384
402.748, 333.261
297.459, 252.978
311.005, 245.608
328.033, 245.261
344.008, 254.945
327.364, 259.16
310.435, 259.085
412.335, 255.151
428.98, 246.005
446.772, 246.356
460.305, 253.697
446.58, 260.388
428.608, 259.237
333.862, 379.364
349.453, 367.316
365.646, 359.94
378.878, 362.882
391.19, 359.284
407.237, 365.532
423.699, 378.666
408.046, 388.405
392.812, 391.459
379.892, 392.127
366.099, 391.239
350.892, 388.671
341.923, 379.169
366.013, 374.681
379.302, 375.251
391.807, 373.866
415.482, 377.762
391.644, 372.931
379.226, 373.718
366.054, 373.39
;
276.492, 226.359
291.055, 207.737
315.042, 204.206
338.343, 208.325
361.007, 216.689
395.299, 217.424
418.858, 207.411
444.533, 202.175
470.266, 207.392
484.78, 227.569
377.913, 246.424
378.129, 267.688
378.387, 288.337
378.703, 310.086
353.862, 333.066
365.886, 337.026
378.309, 340.094
390.881, 336.964
403.321, 333.671
299.473, 253.654
312.231, 243.884
330.178, 243.438
346.175, 254.839
329.719, 259.737
311.738, 260.158
409.909, 254.358
426.16, 243.113
444.793, 243.741
458.057, 253.701
445.184, 260.544
426.372, 259.195
336.826, 378.735
351.194, 367.049
366.658, 359.607
379.205, 362.84
391.551, 359.414
407.671, 365.576
423.417, 378.882
407.627, 387.67
392.636, 390.848
379.667, 392.226
366.439, 391.341
351.87, 389.021
344.53, 378.333
366.987, 373.889
379.594, 374.661
392.211, 373.363
415.478, 377.368
391.683, 372.313
379.264, 373.831
366.656, 372.882
;
276.057, 228.132
289.607, 209.429
314.186, 206.029
337.443, 209.92
359.854, 218.394
394.529, 219.376
418.254, 208.869
443.605, 203.113
469.372, 208.698
483.709, 228.276
377.077, 245.985
377.297, 267.711
377.563, 288.682
377.834, 310.817
354.295, 333.585
366.258, 336.871
378.989, 339.099
391.054, 336.887
403.158, 334.299
298.647, 254.481
310.998, 244.443
329.352, 243.523
345.981, 255.196
329.004, 259.924
310.964, 260.802
409.905, 253.986
426.204, 241.966
445.449, 242.221
459.586, 251.359
446.119, 259.219
426.592, 258.267
336.075, 379.571
350.99, 367.497
367.873, 360.171
378.9, 363.197
388.986, 360.045
404.763, 366.559
422.5, 380.007
405.801, 388.949
390.974, 391.615
379.875, 391.852
368.352, 391.408
352.243, 388.431
343.864, 378.951
368.247, 374.823
379.284, 375.642
389.737, 374.677
413.739, 379.311
389.545, 371.787
379.179, 372.875
368.236, 372.169
;
275.868, 228.162
289.878, 208.039
314.705, 203.881
339.441, 207.577
362.588, 216.98
396.218, 216.948
419.555, 206.688
445.806, 201.844
471.196, 207.138
485.713, 227.359
379.217, 245.915
379.77, 267.553
380.203, 288.606
380.732, 310.759
355.759, 333.75
368.234, 336.591
381.103, 339.169
393.177, 336.593
405.144, 333.911
301.076, 253.771
313.526, 245.221
331.129, 244.494
347.311, 255.158
331.195, 260.078
313.597, 260.681
412.246, 255.435
428.081, 245.266
445.94, 245.71
459.119, 254.593
446.483, 261.549
428.36, 260.402
338.363, 380.644
353.432, 368.313
369.221, 360.937
381.22, 363.79
392.523, 360.377
408.245, 366.529
425.089, 380.779
408.752, 388.76
394.135, 391.422
382.099, 392.075
369.627, 391.649
354.929, 390.24
345.454, 380.125
369.521, 375.811
381.621, 376.555
393.125, 375.044
417.471, 379.32
392.955, 372.982
381.617, 374.239
369.759, 373.575
;
274.12, 227.215
288.764, 208.042
313.582, 204.735
337.729, 209.491
360.511, 218.93
392.593, 219.668
416.351, 208.829
442.534, 203.008
468.879, 207.49
484.995, 227.616
377.174, 247.122
377.689, 268.939
378.242, 290.147
378.764, 312.792
352.364, 333.421
365.21, 337.204
378.719, 340.7
392.034, 337.233
405.022, 333.789
298.081, 255.622
311.466, 249.145
328.019, 248.529
345.224, 256.311
327.875, 260.074
311.44, 260.777
410.273, 256.624
427.755, 248.819
444.957, 249.449
458.844, 256.343
444.97, 261.791
427.432, 260.409
335.298, 378.529
350.491, 366.532
366.433, 359.924
379.157, 362.82
391.665, 359.676
408.077, 365.519
425.242, 378.456
409.234, 387.704
393.98, 391.172
380.546, 392.301
367.138, 391.53
352.249, 389.188
343.354, 378.395
366.72, 374.499
379.461, 375.239
392.427, 374.074
416.895, 377.523
392.54, 371.916
379.819, 373.062
367.098, 372.603
;
275.504, 230.493
289.229, 210.392
314.186, 205.818
338.533, 210.116
362.014, 218.923
391.811, 219.793
415.962, 208.65
441.978, 202.65
468.434, 207.88
483.821, 228.384
378.428, 246.779
379.04, 268.174
379.632, 288.901
380.417, 310.921
355.271, 333.13
367.611, 336.14
380.336, 338.665
392.378, 336.025
404.329, 333.233
299.779, 255.459
313.095, 248.629
329.729, 248.205
345.843, 256.193
329.744, 260.911
313.01, 261.703
410.465, 255.465
426.825, 247.589
444.194, 248.124
457.257, 254.954
444.497, 261.222
426.894, 260.079
338.67, 379.776
353.533, 367.126
368.878, 359.805
380.975, 362.411
392.963, 359.446
408.076, 365.399
424.109, 378.51
409.204, 386.883
395.47, 390.292
382.745, 391.442
369.892, 390.933
355.431, 388.889
345.931, 378.869
369.155, 373.414
381.278, 373.892
393.77, 372.81
416.532, 377.058
394.024, 372.65
381.774, 373.632
369.632, 373.018
;
274.094, 227.276
288.794, 209.001
312.822, 205.301
336.614, 209.741
359.607, 218.719
391.68, 219.619
415.986, 208.671
441.53, 202.953
467.513, 207.96
483.542, 227.405
375.752, 247.824
376.043, 269.154
376.274, 290.036
376.563, 312.119
352.614, 333.965
364.954, 336.837
377.656, 339.42
390.002, 336.664
402.63, 333.681
297.606, 254.671
310.629, 246.233
327.869, 246.216
343.368, 257.565
326.911, 261.536
309.896, 261.633
409.671, 257.978
425.753, 246.886
443.717, 247.165
457.47, 255.526
444.556, 262.438
426.545, 261.926
334.935, 378.013
350.782, 366.599
366.253, 359.47
378.492, 362.348
389.743, 359.137
406.075, 365.111
422.694, 378.158
406.964, 386.938
391.987, 390.195
379.72, 391.124
366.82, 390.371
352.157, 388.012
342.423, 377.999
366.499, 373.57
378.91, 374.463
390.405, 373.167
414.848, 377.203
390.451, 372.16
379.026, 373.277
366.579, 372.436
;
275.562, 228.75
289.879, 209.489
315.007, 206.359
339.303, 211.743
362.384, 221.708
390.96, 221.865
414.774, 210.15
440.53, 203.843
467.135, 208.162
482.213, 229.03
377.036, 247.464
377.538, 269.232
378.114, 290.104
378.696, 312.235
353.343, 334.25
365.555, 337.327
378.584, 340.588
390.977, 337.582
403.544, 334.614
299.523, 255.948
312.556, 248.518
329.42, 247.765
345.568, 257.104
329.28, 261.444
312.397, 261.957
410.429, 256.719
427.04, 247.823
444.405, 248.152
456.859, 255.823
444.513, 262.013
426.929, 261.067
335.304, 380.016
350.362, 367.506
366.696, 360.799
379.144, 363.565
390.924, 360.244
406.243, 366.359
422.651, 379.349
407.603, 389.265
393.239, 392.492
380.874, 393.591
367.881, 393.156
352.008, 390.469
342.601, 379.395
367.109, 374.802
379.49, 375.537
391.442, 373.842
414.519, 378.268
391.985, 373.835
380.093, 375.101
367.751, 374.313
;
274.257, 228.529
288.544, 209.341
313.632, 205.47
338.607, 209.908
361.66, 219.77
390.799, 220.329
415.53, 208.79
441.888, 203.556
468.294, 208.893
483.94, 230.103
376.937, 246.65
377.372, 267.605
377.863, 287.978
378.283, 309.918
353.04, 333.996
365.629, 336.673
378.248, 339.336
390.479, 336.753
402.566, 334.394
298.603, 254.177
311.626, 246.037
329.216, 245.622
344.346, 255.614
328.827, 260.3
311.367, 260.889
410.204, 255.52
426.245, 245.861
443.968, 246.798
456.979, 255.298
444.426, 261.682
426.405, 260.549
335.839, 380.192
351.473, 368.513
367.263, 361.36
378.9, 364.24
390.168, 361.225
406.369, 367.391
423.102, 379.562
407.285, 389.481
392.376, 392.528
380.358, 393.143
368.169, 392.661
353.389, 390.499
343.024, 380.258
367.64, 375.483
379.359, 376.3
390.963, 374.96
415.257, 378.862
391.103, 375.124
379.722, 376.063
368.174, 375.337
;
273.954, 226.647
289.491, 208.225
314.448, 205.107
338.28, 209.978
361.095, 219.459
390.739, 219.837
415.08, 208.87
441.046, 202.892
467.711, 207.288
483.761, 227.119
376.494, 247.106
376.796, 268.899
377.145, 290.027
377.476, 312.112
351.456, 333.432
364.333, 337.156
377.367, 340.219
389.643, 337.394
401.911, 334.635
298.443, 255.19
311.214, 247.481
328.276, 246.896
343.782, 256.017
327.947, 261.007
310.859, 261.624
409.585, 255.692
425.58, 246.413
443.305, 247.154
456.638, 255.361
443.809, 261.587
425.819, 260.471
334.523, 380.101
349.945, 367.487
365.976, 360.744
377.386, 363.36
388.903, 360.433
405.27, 366.607
422.145, 379.368
405.828, 389.628
390.952, 392.782
378.507, 393.705
366.246, 393.195
350.845, 390.813
342.507, 379.624
366.472, 375.262
377.834, 375.769
389.671, 374.572
413.412, 378.714
389.512, 374.03
377.605, 375.307
366.142, 374.581
;
274.023, 229.038
287.62, 209.363
311.938, 205.259
336.19, 209.908
359.449, 218.678
390.269, 219.101
415.074, 208.755
441.22, 203.1
467.775, 208.301
483.005, 228.603
375.252, 246.35
375.538, 268.387
375.731, 289.726
376.045, 312.235
351.443, 333.112
363.54, 336.298
376.048, 339.451
388.674, 336.318
401.16, 333.231
297, 254.737
310.232, 247.722
327.32, 246.868
343.458, 255.369
327.23, 260.046
310.242, 260.649
409.398, 255.601
426.192, 247.96
443.506, 248.303
456.87, 255.449
443.713, 261.685
426.019, 260.434
334.655, 379.278
349.516, 367.468
364.841, 360.719
377.177, 363.646
389.081, 360.354
404.71, 366.024
421.209, 379.363
405.337, 388.581
390.892, 390.616
378.277, 391.708
365.468, 390.919
350.929, 389.193
342.143, 379.125
364.986, 374.674
377.397, 375.509
389.696, 373.919
413.412, 378.105
389.963, 372.781
377.799, 373.739
365.489, 373.291
;
269.791, 233.887
283.448, 211.736
309.011, 205.851
334.145, 209.471
358.51, 219.247
390.089, 219.384
414.66, 208.012
441.011, 202.348
467.345, 208.706
481.765, 230.044
374.164, 246.125
374.297, 268.004
374.655, 289.339
375.02, 311.603
351.248, 333.261
363.67, 335.861
375.916, 338.676
388.298, 335.475
400.366, 332.571
296.505, 256.016
308.983, 248.712
325.364, 248.398
341.286, 257.331
324.955, 261.415
308.649, 261.785
408.104, 255.684
423.99, 245.571
441.599, 245.721
454.83, 253.032
442.364, 259.802
424.487, 259.417
335.139, 379.633
349.568, 366.486
364.4, 359.474
376.568, 362.483
388.517, 358.907
404.646, 365.522
421.46, 379.239
405.56, 387.846
390.224, 390.056
377.927, 391.222
365.124, 390.457
350.826, 387.96
342.516, 378.75
364.77, 374.112
377.123, 374.67
389.102, 373.446
413.04, 378.238
388.66, 371.433
376.968, 372.261
364.779, 371.668
;
273.001, 230.141
285.873, 209.793
310.245, 205.903
333.673, 209.663
356.774, 219.07
390.053, 219.374
414.605, 208.546
440.916, 202.367
468.494, 207.486
484.254, 228.822
373.428, 247.796
373.577, 269.179
373.715, 289.997
373.982, 311.752
351.026, 333.554
362.798, 337.054
375.685, 340.186
388.102, 336.61
400.56, 332.961
296.502, 258.044
309.344, 247.857
327.565, 246.684
344.631, 257.982
327.152, 263.065
309.091, 264.052
407.521, 256.017
423.995, 244.175
443.4, 244.244
457.874, 253.235
444.255, 260.792
424.646, 260.18
334.219, 378.704
348.285, 365.636
363.964, 358.286
376.43, 361.239
387.736, 357.664
404.578, 364.081
422.87, 377.809
406.401, 389.162
390.547, 393.007
378.523, 393.966
365.258, 393.366
350.172, 390.226
342.539, 378.3
364.366, 373.108
376.992, 373.631
388.687, 372.512
414.642, 377.161
389.092, 372.89
377.689, 373.851
365.212, 372.854
;
272.702, 230.46
285.878, 209.743
311.231, 205.785
334.998, 210.071
358.29, 219.522
389.518, 219.329
414.527, 208.722
440.794, 202.936
467.591, 208.671
482.027, 230.038
373.964, 247.176
374.101, 268.77
374.204, 290.016
374.471, 312.392
350.347, 333.907
362.75, 336.272
375.331, 338.58
387.396, 336.037
399.927, 333.84
296.329, 255.139
309.162, 248.317
326.008, 247.7
342.09, 256.337
325.754, 260.4
309.158, 260.818
409.779, 256.395
425.352, 247.916
442.802, 247.82
456.474, 254.811
443.215, 261.113
425.493, 260.377
333.345, 378.608
349.022, 366.386
364.527, 359.126
376.2, 361.679
387.695, 358.567
403.729, 365.01
420.626, 378.197
404.506, 387.958
389.738, 390.733
377.458, 391.788
364.99, 391.128
349.9, 389.307
341.191, 378.333
364.679, 374.026
376.41, 374.505
388.249, 373.148
411.953, 377.301
388.64, 372.061
376.995, 373.144
365.074, 372.343
;
273.991, 228.518
287.351, 209.512
311.262, 206.09
334.083, 209.94
356.298, 218.313
389.662, 218.967
413.006, 208.617
438.344, 202.792
464.28, 207.618
479.167, 227.56
374.24, 246.914
374.596, 268.39
374.969, 289.182
375.349, 311.179
350.516, 334.189
362.808, 337.922
375.594, 340.762
387.73, 338.045
399.841, 334.852
296.827, 256.02
309.363, 246.588
326.477, 245.61
342.919, 256.258
326.377, 261.009
309.304, 261.772
405.366, 255.997
421.045, 245.186
439.136, 245.346
452.771, 254.317
439.959, 261.481
421.477, 260.424
334.359, 379.633
348.964, 367.587
364.302, 360.597
376.051, 363.394
387.628, 360.219
402.766, 366.679
419.266, 380.088
403.593, 390.149
389.371, 392.364
377.155, 393.083
364.86, 392.272
350.499, 390.056
341.564, 379.009
364.695, 375.452
376.54, 376.053
388.325, 374.826
411.353, 379.176
388.122, 372.994
376.533, 374.021
364.616, 373.255
;
271.858, 228.926
285.225, 208.957
309.905, 205.78
333.438, 209.836
356.535, 219.372
389.953, 220.312
413.668, 209.268
440.351, 203.194
466.599, 209.721
481.504, 230.356
373.216, 247.217
373.915, 269.034
374.582, 290.229
375.258, 312.648
350.534, 335.188
362.635, 338.094
375.269, 340.8
387.734, 337.874
400.361, 335.093
296.483, 254.999
308.695, 247.32
325.424, 246.542
341.802, 256.031
325.388, 260.641
308.722, 261.073
407.412, 256.355
423.024, 247.634
440.507, 248.204
453.836, 256.01
441.008, 261.985
423.318, 261.014
333.823, 380.004
348.584, 368.739
363.762, 361.304
376.277, 364.266
388.251, 360.846
403.735, 367.121
420.087, 380.033
404.498, 389.305
390.036, 391.946
377.518, 392.7
364.104, 391.688
349.577, 389.86
341.395, 379.706
364.208, 376.179
376.728, 376.781
388.767, 375.59
411.756, 378.845
388.533, 372.035
376.718, 372.871
364.129, 372.091
;
272.637, 229.939
285.751, 210.333
309.975, 205.569
333.431, 209.269
356.691, 218.569
391.938, 218.535
415.381, 207.693
440.771, 202.497
466.329, 207.832
481.699, 226.843
374.233, 246.809
374.71, 268.453
375.152, 289.637
375.737, 311.914
350.988, 334.135
363.723, 337.036
376.707, 339.582
388.99, 336.687
401.109, 334.103
295.93, 255.46
307.847, 247.456
324.374, 246.894
340.511, 256.274
324.532, 261.07
308.079, 261.602
409.327, 255.466
425.174, 245.61
442.919, 245.873
456.213, 253.61
443.361, 260.795
425.46, 260.106
333.822, 379.791
349.236, 367.457
364.951, 360.224
377.295, 362.776
388.916, 359.524
404.622, 365.961
421.305, 379.02
405.219, 388.802
390.481, 391.255
378.188, 392.391
365.258, 391.532
350.275, 389.486
341.484, 379.265
365.253, 375.343
377.755, 375.607
389.336, 374.496
412.737, 378.101
389.135, 372.263
377.66, 373.274
365.207, 372.644
;
272.872, 229.425
286.405, 209.738
311.031, 205.358
334.577, 209.717
357.594, 218.88
389.959, 218.827
414.138, 208.089
440.645, 202.106
467.952, 207.565
483.792, 228.203
374.9, 246.057
374.905, 268.34
374.996, 289.646
375.13, 312.3
350.689, 333.799
363.06, 336.987
375.615, 339.728
388.211, 336.465
400.782, 333.372
295.361, 255.105
308.479, 246.473
325.893, 245.969
341.952, 256.489
325.533, 261.212
308.222, 261.531
409.07, 255.526
424.654, 244.576
443.169, 244.762
457.063, 253.208
444.143, 260.612
425.461, 260.228
334.803, 380.051
349.238, 367.619
364.483, 360.212
376.546, 362.781
388.169, 359.656
404.55, 366.11
422.056, 379.369
406.108, 388.696
391.22, 391.213
378.758, 392.569
365.97, 391.754
351.234, 389.441
342.571, 379.236
364.908, 374.197
377.034, 374.824
388.963, 373.483
413.977, 377.844
389.685, 372.805
377.761, 373.643
365.497, 372.879
;
272.478, 227.677
286.685, 208.55
311.968, 205.324
336.259, 209.533
359.104, 218.781
390.919, 218.856
415.667, 208.067
442.733, 202.474
469.822, 208.705
484.972, 229.583
375.396, 245.479
375.669, 267.445
375.997, 288.637
376.302, 311.068
351.267, 334.533
363.472, 337.662
376.459, 340.202
388.825, 337.845
401.564, 335.429
296.181, 254.206
308.963, 245.572
326.409, 245.097
342.568, 256.275
325.987, 260.189
308.622, 260.558
409.432, 255.929
425.797, 244.483
444.468, 244.645
458.386, 253.488
445.247, 260.434
426.305, 259.847
332.982, 381.591
348.426, 368.597
364.631, 361.343
376.931, 364.062
389.108, 360.907
405.264, 367.855
421.322, 382.308
405.38, 391.714
389.932, 394.466
377.197, 395.26
364.312, 394.417
349.04, 390.951
340.912, 380.316
364.715, 376.365
377.176, 376.996
389.517, 375.849
413.233, 380.527
388.921, 374.804
376.688, 375.694
364.318, 374.933
;
271.281, 231.329
284.395, 210.205
309.051, 204.76
333.46, 208.536
357.424, 217.558
393.009, 217.538
416.311, 207.527
441.863, 202.472
467.266, 207.64
481.586, 227.34
375.435, 245.624
375.773, 267.886
376.057, 289.194
376.365, 311.586
351.688, 333.684
364.261, 336.645
376.817, 338.977
388.867, 336.243
400.902, 333.889
296.481, 254.41
308.898, 246.182
326.288, 245.761
341.977, 255.411
326.127, 260.695
308.742, 261.031
410.082, 254.947
425.365, 244.705
443.478, 244.596
456.705, 252.865
444.483, 260.454
426.235, 259.888
334.06, 379.115
349.312, 367.345
365.168, 360.355
377.123, 363.14
388.796, 360.167
405.336, 366.257
421.126, 379.08
405.416, 387.626
390.315, 390.568
377.726, 391.738
365.011, 391.086
350.212, 388.829
341.775, 378.394
365.445, 373.934
377.587, 374.981
389.391, 373.507
413.23, 377.844
389.134, 372.472
377.353, 373.628
365.341, 372.724
;
270.572, 230.548
284.746, 210.558
309.786, 205.487
334.278, 209.623
357.838, 219.69
390.523, 219.569
415.281, 208.733
442.051, 203.349
468.729, 209.508
483.358, 230.923
374.486, 247.012
374.863, 268.543
375.439, 289.72
375.873, 312.013
351.181, 333.8
363.496, 336.72
376.154, 339.129
388.562, 336.398
400.876, 333.625
295.328, 255.285
308.413, 248.131
325.323, 247.625
342.125, 256.51
325.115, 261.025
308.202, 261.486
408.045, 256.066
424.797, 247.717
442.523, 248.247
456.05, 255.189
442.842, 261.538
424.686, 260.419
332.629, 380.268
347.92, 368.109
363.973, 361.095
376.313, 363.643
387.94, 360.524
403.143, 366.342
420.066, 379.065
403.429, 387.908
389.341, 390.257
376.888, 391.44
364.13, 391.2
348.706, 389.184
340.121, 379.363
364.225, 374.826
376.644, 375.383
388.54, 374.106
411.91, 377.839
388.374, 373.052
376.518, 373.897
364.279, 373.926
;
270.621, 230.91
284.645, 210.487
310.173, 205.095
335.107, 209.235
358.68, 219.293
387.604, 219.123
413.512, 208.741
441.203, 203.653
469.262, 209.821
485.173, 230.441
373.386, 246.43
373.521, 268.59
373.56, 290.246
373.592, 312.821
349.59, 333.987
361.806, 337.051
374.385, 339.613
386.966, 336.703
400.306, 334.138
294.147, 254.926
307.561, 247.656
324.893, 246.791
341.52, 256.278
324.565, 261.046
307.197, 261.286
409.226, 255.946
426.006, 247.121
444.014, 247.787
458.079, 254.887
444.195, 261.632
425.633, 260.63
332.109, 380.649
346.566, 367.853
362.293, 360.918
375.388, 363.58
386.937, 360.403
403.823, 366.621
421.397, 381.04
405.013, 389.589
389.092, 391.844
376.342, 392.523
362.526, 391.784
347.717, 389.959
340.193, 379.436
362.222, 374.625
375.285, 375.415
387.19, 374.054
413.218, 379.1
388.166, 373.625
376.166, 374.518
362.926, 373.917
;
272.841, 227.917
287.117, 208.804
311.52, 204.976
335.036, 209.521
357.464, 218.803
393.233, 218.415
417.957, 207.929
444.835, 202.957
471.193, 210.205
485.431, 231.182
375.299, 246.575
375.492, 268.831
375.524, 290.418
375.575, 313.195
350.468, 334.745
362.811, 337.26
375.512, 339.914
387.79, 337.287
400.777, 334.773
295.898, 253.308
309.896, 247.29
326.358, 247.032
342.328, 255.484
326.045, 259.797
309.274, 259.912
410.332, 255.699
426.689, 248.196
443.74, 248.699
457.803, 255.123
443.913, 261.354
426.581, 260.384
333.095, 380.79
348.611, 368.632
364.754, 361.314
376.085, 364.134
387.585, 360.829
403.491, 367.341
420.636, 379.709
404.685, 389.795
389.506, 393.307
377.408, 394.282
365.252, 393.379
350.082, 390.808
341.138, 380.012
364.949, 376.114
376.328, 376.812
387.992, 375.381
412.625, 378.736
388.4, 373.008
376.859, 374.24
365.351, 373.488
;
272.25, 229.262
285.846, 209.311
310.338, 205.117
334.774, 208.632
357.326, 218.227
391.35, 218.151
414.535, 207.197
440.097, 201.352
465.72, 206.684
480.624, 226.87
374.507, 246.479
375.221, 267.783
375.962, 288.427
376.802, 310.157
350.417, 332.895
363.714, 336.307
376.976, 339.034
389.393, 336.125
401.354, 332.991
296.522, 255.413
308.862, 245.946
326.351, 245.356
342.351, 256.088
326.495, 260.811
309.024, 261.94
406.132, 255.607
422.758, 244.541
440.653, 245.327
453.244, 254.828
441.243, 261.177
423.022, 260.189
333.461, 379.367
349.102, 367.455
365.166, 360.176
376.969, 362.919
388.424, 359.686
404.351, 365.959
420.165, 378.861
405.095, 388.141
390.321, 391.762
378.219, 392.43
365.908, 391.991
350.371, 389.809
340.967, 379.141
365.508, 374.129
377.368, 374.652
388.948, 373.591
412.184, 378.107
388.889, 373.98
377.531, 374.917
365.682, 374.435
;
270.53, 230.409
284.502, 210.229
309.911, 206.04
334.676, 209.915
358.024, 219.185
391.966, 217.884
417.135, 207.904
443.705, 203.064
469.773, 208.757
485.361, 228.47
375.206, 245.028
375.647, 266.838
375.847, 288.231
376.094, 310.814
351.43, 333.986
364.023, 336.528
376.91, 338.828
389.282, 336.317
401.42, 334.046
294.742, 253.737
307.932, 244.655
326.332, 243.827
342.808, 255.532
326.061, 260.687
307.877, 260.965
410.284, 254.043
426.456, 242.318
445.923, 242.04
460.686, 250.438
447.359, 259.108
427.522, 258.856
334.942, 380.943
348.947, 368.376
365.298, 360.812
377.113, 363.767
388.241, 360.484
404.911, 366.671
422.158, 380.159
405.568, 389.953
389.741, 393.084
377.833, 393.841
365.426, 393.386
349.896, 391.153
342.423, 380.126
365.755, 375.078
377.484, 375.708
388.867, 374.451
414.091, 378.652
388.38, 374.089
377.068, 375.734
365.206, 375.062
;
272.066, 230.951
285.758, 210.376
310.9, 205.672
335.26, 209.892
358.694, 218.825
390.496, 219.888
414.613, 208.743
441.174, 202.982
468.21, 207.367
484.407, 227.523
374.888, 246.575
375.246, 268.287
375.539, 289.362
375.839, 311.749
351.971, 334.121
363.691, 337.462
376.335, 340.31
388.863, 337.229
401.034, 333.942
296.834, 255.804
309.33, 247.309
326.879, 246.545
343.273, 256.909
326.689, 261.55
309.2, 262.051
408.951, 255.697
425.012, 245.335
443.41, 245.166
456.537, 253.556
443.994, 260.785
425.192, 260.045
334.84, 379.92
349.1, 367.29
364.886, 360.392
377.353, 362.874
389.256, 359.965
405.378, 366.008
422.626, 379.375
406.241, 388.993
390.799, 392.623
378.326, 393.6
365.248, 393.245
350.349, 390.694
342.227, 378.766
365.309, 373.68
377.751, 374.234
389.839, 372.905
413.961, 377.56
389.598, 374.734
377.662, 375.383
365.176, 374.863
;
273.382, 225.947
288.406, 208.134
312.535, 204.724
335.811, 208.928
358.444, 218.32
391.285, 218.322
415.603, 208.554
441.355, 202.661
467.22, 207.448
482.384, 227.126
376.302, 246.805
377.109, 268.404
377.75, 289.269
378.501, 311.245
352.327, 334.181
364.908, 337.36
377.775, 339.875
390.368, 337.18
402.588, 334.226
297.187, 254.262
310.493, 247.773
327.096, 247.194
343.401, 255.573
327.029, 260.248
310.151, 260.58
409.357, 256.223
425.918, 247.965
442.982, 248.562
456.23, 255.376
443.296, 261.602
426.11, 260.591
333.536, 379.247
349.044, 366.786
365.206, 359.625
378.404, 362.406
391.464, 359.016
406.477, 365.395
421.86, 378.176
406.846, 389.137
392.926, 392.743
378.959, 394.141
365.116, 393.415
350.031, 390.891
341.261, 378.922
365.489, 374.543
378.702, 375.147
391.974, 373.884
413.612, 377.281
391.833, 372.641
378.704, 374
365.347, 373.73
;
271.537, 229.684
286.134, 209.167
311.427, 205.41
335.792, 209.41
358.974, 219.332
389.994, 218.942
414.49, 208.052
440.693, 201.967
466.637, 207.158
481.665, 227.103
374.866, 245.844
375.384, 267.91
375.96, 289.368
376.547, 312.024
351.306, 334.156
364.088, 337.4
377.154, 339.89
389.437, 337.34
401.771, 334.398
296.561, 253.827
309.796, 245.386
327.159, 244.863
342.471, 255.431
327.03, 259.952
309.674, 260.288
409.094, 254.728
424.418, 243.862
442.256, 243.852
455.92, 252.138
443.254, 259.12
425.525, 258.727
333.134, 380.628
348.695, 367.483
364.61, 360.377
377.335, 363.392
389.443, 359.957
405.527, 366.212
420.949, 379.602
405.787, 388.722
390.884, 392.457
377.594, 393.53
364.306, 392.794
349.256, 390.296
341.357, 379.953
364.82, 375.438
377.617, 376.178
389.922, 374.918
412.139, 378.848
389.473, 372.841
377.194, 374.167
364.397, 373.311
;
270.921, 230.458
284.579, 210.101
309.149, 204.933
333.451, 208.836
357.574, 217.765
390.124, 219.164
414.77, 208.563
440.733, 202.676
467.389, 207.406
482.125, 227.94
375.165, 246.529
375.538, 268.007
376.07, 289.005
376.541, 311.197
351.368, 333.571
363.817, 336.641
376.783, 339.298
389.166, 336.679
401.411, 333.635
296.237, 253.726
309.609, 244.785
327.699, 244.427
343.242, 255.711
327.168, 260.301
309.018, 260.465
407.428, 255.167
423.146, 243.981
441.793, 243.799
455.766, 252.189
442.912, 259.939
424.122, 259.57
333.078, 379.229
348.354, 366.645
364.417, 359.914
376.846, 362.769
388.607, 359.629
404.023, 365.65
420.649, 378.182
404.47, 388.654
389.937, 391.677
377.202, 392.679
364.426, 392.28
349.284, 389.935
340.645, 378.403
364.582, 374.232
377.104, 374.821
389.22, 373.463
412.083, 377.317
388.792, 372.366
376.792, 373.384
364.316, 372.859
;
273.748, 228.228
287.854, 208.695
312.446, 205.043
336.551, 209.639
359.336, 219.624
389.226, 220.12
413.877, 208.591
439.753, 202.755
466.765, 207.294
481.956, 227.898
375.119, 245.362
375.692, 267.67
376.398, 289.192
377.04, 311.859
351.114, 333.147
363.517, 336.847
376.387, 339.957
388.925, 336.945
401.402, 333.503
297.762, 254.027
310.331, 245.969
327.361, 245.291
343.431, 254.581
327.409, 259.633
310.316, 260.475
407.04, 254.194
423.838, 244.747
441.667, 245.599
454.496, 253.748
441.932, 260.326
423.912, 259.126
333.969, 380.301
349.23, 368.232
364.931, 361.194
377.325, 364.318
389.683, 360.497
405.421, 366.833
421.982, 379.295
406.305, 388.663
391.565, 391.769
378.445, 392.851
365.378, 392.246
350.378, 390.005
342.067, 379.981
365.154, 376.137
377.698, 376.827
390.298, 375.374
414.126, 378.691
390.34, 373.23
377.75, 374.791
365.282, 374.03
;
272.48, 228.871
287.168, 209.897
312.184, 205.84
336.6, 209.851
359.948, 218.953
391.033, 218.969
414.76, 208.284
440.736, 202.878
466.78, 207.108
482.126, 226.989
375.39, 245.29
375.926, 267.634
376.502, 289.3
377.023, 312.113
351.928, 333.123
364.54, 336.151
377.235, 339.269
389.824, 336.308
402.596, 333.025
295.948, 254.446
308.882, 246.297
326.097, 245.487
342.392, 255.187
326.058, 259.996
308.768, 260.741
410.443, 254.43
426.852, 244.392
444.84, 244.805
457.867, 252.888
445.007, 259.658
427.1, 258.709
334.75, 381.06
350.227, 368.927
365.407, 361.635
378.126, 364.457
389.74, 360.98
404.992, 367.301
421.785, 380.575
405.932, 387.737
391.888, 390.643
379.28, 392.152
366.128, 391.398
351.559, 389.772
342.916, 380.377
365.885, 376.162
378.55, 376.602
390.413, 375.325
413.806, 379.165
390.478, 371.235
378.607, 372.676
365.879, 371.964
;
272.788, 229.166
286.598, 209.263
311.413, 205.278
335.077, 209.072
357.661, 218.551
391.239, 218.71
415.517, 208.129
441.221, 202.584
467.882, 208.091
484.024, 227.639
375.485, 245.696
375.984, 266.853
376.38, 287.409
376.696, 309.222
351.126, 332.026
363.717, 335.109
376.665, 338.119
389.242, 334.953
401.532, 331.96
295.381, 256.721
308.013, 249.734
324.942, 248.914
342.587, 256.48
325.264, 261.292
308.425, 262.138
408.252, 255.842
425.439, 247.819
443.154, 248.393
457.493, 255.032
443.652, 261.227
425.355, 260.153
332.354, 378.064
348.301, 365.35
363.926, 358.119
376.5, 361.053
388.873, 357.955
405.037, 364.159
421.486, 377.663
405.456, 388.61
390.18, 391.535
377.166, 392.509
364.122, 391.678
349.058, 389.184
340.457, 377.633
364.239, 372.79
376.827, 373.551
389.367, 372.359
413.008, 376.59
389.091, 372.672
376.572, 373.437
364.093, 372.897
;
273.742, 227.913
287.723, 209.244
311.932, 205.308
335.317, 208.634
357.768, 217.723
391.107, 219.678
414.302, 208.925
440.001, 203.464
465.49, 207.874
481.071, 227.449
374.341, 247.627
375.004, 268.575
375.627, 288.903
376.261, 310.216
351.285, 333.639
363.999, 336.722
376.946, 339.05
389.169, 336.286
401.7, 333.69
297.375, 254.978
309.695, 246.723
326.536, 246.343
342.412, 256.125
326.32, 260.279
309.604, 260.703
407.866, 256.683
423.748, 247.338
441.098, 247.465
454.534, 255.871
441.828, 261.576
424.275, 260.594
332.869, 378.615
349.059, 367.002
365.511, 359.611
377.861, 362.072
389.802, 358.924
405.782, 365.125
423.183, 377.908
407.002, 388.071
391.822, 391.018
379.17, 392.014
365.969, 391.309
350.29, 389.147
340.485, 378.307
365.724, 374.345
378.236, 374.746
390.349, 373.553
414.938, 377.005
390.411, 371.662
378.479, 372.449
365.802, 371.869
;
273.961, 228.512
287.228, 209.803
311.109, 206.209
333.766, 209.471
356.205, 217.55
392.431, 218.277
415.933, 208.106
440.496, 203.061
466.501, 207.458
481.606, 226.456
374.375, 246.673
374.597, 268.145
374.852, 289.102
375.151, 311.124
350.753, 334.35
363.512, 337.073
376.36, 339.492
388.712, 336.872
400.883, 334.013
295.082, 255.82
308.134, 246.385
325.49, 245.723
341.641, 256.534
325.12, 261.283
307.897, 261.893
408.294, 255.777
424.43, 244.175
443.231, 244.288
457.26, 253.418
444.248, 260.55
425.209, 260.029
333.59, 379.037
349.526, 367.414
364.823, 360.348
376.84, 362.916
388.275, 359.696
404.375, 365.767
422.116, 378.254
406.028, 387.961
390.659, 390.399
378.446, 391.434
365.665, 390.946
350.768, 389.205
341.642, 378.71
365.26, 374.818
377.357, 375.221
389.037, 374.035
413.934, 377.354
389.068, 371.64
377.476, 372.54
365.294, 371.859
;
272.416, 229.734
286.163, 210.316
311.002, 206.703
334.616, 210.859
357.749, 219.745
391.222, 219.66
415.701, 208.957
440.718, 202.674
467.098, 207.076
481.284, 228.094
375.352, 245.984
375.839, 268.807
376.108, 290.787
376.39, 313.988
352.701, 334.539
364.563, 338.023
377.484, 340.857
390.012, 337.854
402.103, 334.202
297.719, 256.168
310.051, 247.127
328.081, 245.682
345.85, 255.407
328.494, 260.111
310.602, 261.549
405.969, 253.427
422.661, 242.722
441.013, 242.823
454.87, 250.89
441.704, 257.879
422.875, 257.011
336.113, 381.461
350.652, 369.278
366.384, 362.011
377.897, 364.86
388.762, 361.315
403.567, 367.52
420.194, 379.977
404.892, 389.089
390.421, 391.871
379.143, 392.714
367.078, 392.483
351.9, 390.628
344.029, 380.896
366.663, 376.434
378.44, 376.965
389.343, 375.746
412.168, 379.637
389.106, 373.037
378.443, 374.084
366.857, 373.491
;
271.553, 229.295
284.975, 209.811
310.238, 205.132
334.696, 209.378
357.524, 218.886
390.112, 219.433
414.365, 208.737
440.432, 203.589
466.552, 208.025
481.001, 227.801
374.766, 245.883
375.487, 267.606
376.251, 288.811
376.93, 311.206
352.524, 334.426
364.672, 337.475
377.428, 340.044
389.042, 337.352
401.05, 334.303
296.387, 254.601
309.463, 247.526
326.199, 246.468
341.889, 255.152
326.019, 259.953
309.302, 260.486
409.052, 254.621
424.306, 245.891
441.789, 246.393
454.977, 253.418
442.362, 260.007
424.802, 259.191
333.531, 380.561
348.727, 368.73
365.659, 361.259
378.068, 363.93
389.752, 360.281
405.365, 366.5
421.596, 379.604
406.748, 389.362
391.88, 392.513
379.149, 393.573
366.254, 393.263
350.168, 390.753
341.295, 380.224
366.097, 375.689
378.515, 376.043
390.373, 374.668
413.034, 378.886
390.097, 373.811
378.248, 374.873
365.819, 374.362
;
271.284, 226.714
286.555, 208.598
311.595, 205.715
335.899, 210.06
359.128, 220.026
389.745, 219.829
414.138, 208.546
440.629, 203.044
467.252, 207.973
483.491, 227.721
374.32, 247.134
374.575, 268.582
374.745, 289.445
375.065, 311.35
349.701, 332.846
362.325, 335.906
375.315, 338.822
388.178, 335.797
401.017, 333.031
296.12, 254.794
309.172, 249.537
325.603, 248.811
342.256, 255.609
325.956, 260.148
309.364, 260.895
409.264, 255.09
425.628, 248.839
442.512, 249.434
456.209, 254.799
442.745, 260.822
425.489, 259.775
332.563, 379.103
348.569, 366.793
364.128, 359.743
376.281, 362.339
388.037, 359.291
403.984, 365.603
420.145, 378.973
404.685, 389.372
389.814, 392.1
377.036, 393.265
363.921, 392.35
348.923, 389.768
340.296, 378.445
364.108, 374.195
376.489, 374.724
388.472, 373.659
411.741, 377.351
388.662, 373.51
376.613, 374.486
364.127, 373.802
;
271.606, 230.466
285.362, 209.91
310.444, 204.621
335.03, 208.879
358.79, 218.28
388.947, 219.359
413.647, 208.096
440.249, 201.969
466.758, 207.508
482.317, 228.64
373.773, 245.638
374.137, 267.349
374.534, 288.668
374.871, 310.854
350.846, 331.846
363.012, 335.114
375.916, 338.271
388.738, 335.091
401.857, 331.822
295.581, 254.604
307.899, 246.055
325.252, 245.025
341.773, 255.426
325.458, 260.444
308.04, 261.265
408.946, 255.218
425.049, 244.338
443.171, 244.551
457.183, 253.023
443.877, 260.517
425.369, 259.721
334.522, 379.492
349.156, 366.096
365.224, 358.659
377.319, 361.288
388.825, 357.873
404.188, 364.424
421.557, 378.693
405.45, 387.455
391.203, 390.303
378.612, 391.489
366.031, 390.829
350.916, 388.745
342.543, 378.211
365.502, 373.435
377.7, 373.556
389.381, 372.334
413.053, 377.073
389.766, 371.127
378.085, 372.459
365.973, 371.639
;
271.476, 227.915
285.633, 209.292
309.622, 204.45
333.041, 207.911
355.653, 216.358
392.56, 216.632
416.294, 207.153
441.62, 202.139
467.295, 206.908
482.609, 225.628
374.964, 245.16
375.549, 267.15
375.964, 288.649
376.628, 311.117
351.73, 333.003
364.336, 335.771
377.173, 338.395
389.404, 335.537
401.416, 332.508
295.552, 253.401
307.962, 244.584
325.58, 243.551
342.034, 254.68
325.557, 259.84
307.95, 260.3
409.372, 253.859
425.561, 242.828
443.952, 243.015
457.577, 251.55
444.407, 259.569
425.663, 258.562
334.517, 378.19
349.296, 366.391
365.699, 359.64
377.288, 362.4
388.017, 359.327
403.542, 365.08
420.748, 377.989
404.587, 388.957
389.823, 391.548
378.102, 392.354
365.982, 391.754
350.437, 389.589
342.263, 377.795
365.906, 373.682
377.424, 374.247
388.445, 373.121
412.554, 376.881
388.609, 372.132
377.482, 373.196
365.868, 372.625
;
271.357, 227.566
285.531, 209.177
308.903, 205.134
331.933, 208.261
354.495, 216.869
392.279, 217.595
415.17, 207.206
440.373, 202.195
465.767, 207.267
480.53, 227.472
373.781, 246.407
374.169, 267.82
374.381, 288.696
374.685, 310.55
350.615, 333.094
363.069, 335.337
375.534, 337.731
387.656, 334.954
400.066, 332.691
295.153, 256.047
307.496, 248.882
323.858, 248.406
340.181, 256.382
324.101, 260.737
307.763, 261.339
408.537, 255.813
424.385, 247.757
441.207, 248.069
454.849, 254.804
441.805, 260.74
424.613, 259.904
334.506, 378.909
348.784, 365.856
364.549, 358.38
376.314, 361.283
387.132, 357.98
403.344, 364.242
420.05, 377.411
404.782, 386.711
390.096, 389.281
378.299, 390.193
365.804, 389.691
350.764, 387.985
341.952, 378.218
364.906, 373.288
376.742, 373.798
388.047, 372.691
412.102, 376.353
388.416, 370.202
377.415, 370.774
365.366, 370.452
;
269.012, 231.299
282.874, 210.853
308.121, 205.355
333.013, 208.26
357.046, 217.542
390.411, 217.813
413.83, 207.494
439.689, 202.427
466.433, 206.912
482.562, 225.954
374.273, 245.102
374.846, 266.992
375.209, 288.312
375.69, 310.644
350.778, 333.387
363.318, 336.059
376.313, 338.206
388.983, 335.602
401.724, 332.637
293.684, 254.534
306.396, 245.113
324.696, 243.897
341.574, 255.158
324.761, 260.667
306.321, 261.344
407.895, 254.262
423.747, 242.699
442.628, 242.858
456.84, 251.767
443.422, 259.564
424.072, 258.871
332.671, 380.319
348.086, 367.582
363.795, 360.198
377.417, 362.994
389.531, 359.476
405.025, 365.112
421.366, 378.938
405.544, 389.343
390.501, 393.064
377.41, 394.335
363.786, 393.837
348.693, 391.545
340.484, 379.386
364.27, 373.732
377.777, 374.42
390.157, 372.845
412.448, 377.658
389.56, 374.152
377.01, 375.839
363.728, 375.196