time,heartValue
0, 256
1, 69
2, 65
3, 61
4, 64
5, 67
6, 66
7, 66
8, 68
9, 73
10, 81
11, 86
12, 91
13, 100
14, 108
15, 109
16, 119
17, 124
18, 134
19, 150
20, 151
21, 156
22, 168
23, 177
24, 192
25, 196
26, 204
27, 212
28, 219
29, 228
30, 234
31, 234
32, 247
33, 246
34, 253
35, 257
36, 260
37, 267
38, 20223
39, 73
40, 71
41, 63
42, 70
43, 69
44, 65
45, 61
46, 64
47, 67
48, 66
49, 66
50, 68
51, 73
52, 81
53, 86
54, 91
55, 100
56, 108
57, 109
58, 119
59, 124
60, 134
61, 150
62, 151
63, 156
64, 168
65, 177
66, 192
67, 196
68, 204
69, 212
70, 219
71, 228
72, 234
73, 234
74, 247
75, 246
76, 253
77, 257
78, 260
79, 267
80, 62465
81, 285
82, 290
83, 293
84, 298
85, 300
86, 305
87, 306
88, 314
89, 317
90, 319
91, 329
92, 332
93, 329
94, 335
95, 340
96, 339
97, 342
98, 342
99, 351
100, 359
101, 350
102, 355
103, 359
104, 359
105, 368
106, 370
107, 374
108, 380
109, 379
110, 387
111, 382
112, 379
113, 382
114, 381
115, 391
116, 397
117, 393
118, 399
119, 407
120, 404
121, 407
122, 407
123, 413
124, 425
125, 445
126, 478
127, 517
128, 513
129, 440
130, 364
131, 301
132, 291
133, 332
134, 378
135, 399
136, 415
137, 424
138, 425
139, 430
140, 429
141, 430
142, 436
143, 427
144, 430
145, 437
146, 431
147, 427
148, 425
149, 425
150, 425
151, 423
152, 426
153, 431
154, 429
155, 434
156, 440
157, 434
158, 439
159, 444
160, 435
161, 440
162, 439
163, 441
164, 444
165, 440
166, 438
167, 434
168, 435
169, 431
170, 418
171, 418
172, 415
173, 401
174, 398
175, 392
176, 390
177, 391
178, 382
179, 383
180, 388
181, 383
182, 383
183, 384
184, 381
185, 384
186, 375
187, 368
188, 364
189, 362
190, 362
191, 367
192, 357
193, 350
194, 345
195, 341
196, 341
197, 334
198, 332
199, 331
200, 330
201, 326
202, 319
203, 321
204, 312
205, 304
206, 303
207, 302
208, 302
209, 299
210, 294
211, 294
212, 292
213, 289
214, 293
215, 279
216, 268
217, 265
218, 271
219, 266
220, 257
221, 254
222, 260
223, 258
224, 254
225, 259
226, 261
227, 263
228, 265
229, 261
230, 266
231, 267
232, 267
233, 259
234, 249
235, 249
236, 247
237, 242
238, 240
239, 242
240, 241
241, 244
242, 243
243, 239
244, 244
245, 240
246, 250
247, 269
248, 299
249, 334
250, 326
251, 253
252, 185
253, 114
254, 111
255, 157
256, 193
257, 221
258, 229
259, 236
260, 239
261, 243
262, 250
263, 254
264, 254
265, 259
266, 260
267, 267
268, 272
269, 272
270, 271
271, 269
272, 273
273, 284
274, 284
275, 285
276, 285
277, 294
278, 305
279, 304
280, 303
281, 306
282, 310
283, 312
284, 314
285, 308
286, 314
287, 312
288, 311
289, 312
290, 302
291, 298
292, 297
293, 297
294, 295
295, 289
296, 292
297, 298
298, 288
299, 295
300, 294
301, 297
302, 300
303, 302
304, 304
305, 310
306, 309
307, 305
308, 309
309, 310
310, 312
311, 312
312, 312
313, 314
314, 314
315, 317
316, 319
317, 321
318, 324
319, 319
320, 322
321, 325
322, 321
323, 325
324, 325
325, 324
326, 316
327, 318
328, 319
329, 322
330, 317
331, 320
332, 321
333, 317
334, 316
335, 313
336, 316
337, 312
338, 306
339, 303
340, 297
341, 292
342, 294
343, 284
344, 277
345, 273
346, 263
347, 260
348, 261
349, 258
350, 260
351, 254
352, 246
353, 247
354, 247
355, 244
356, 240
357, 231
358, 227
359, 231
360, 235
361, 227
362, 225
363, 228
364, 230
365, 228
366, 232
367, 236
368, 246
369, 270
370, 305
371, 323
372, 275
373, 200
374, 136
375, 94
376, 129
377, 166
378, 198
379, 214
380, 223
381, 230
382, 245
383, 243
384, 245
385, 254
386, 257
387, 258
388, 257
389, 263
390, 272
391, 272
392, 274
393, 274
394, 276
395, 284
396, 291
397, 283
398, 289
399, 291
400, 293
401, 295
402, 299
403, 292
404, 288
405, 288
406, 289
407, 281
408, 275
409, 272
410, 265
411, 256
412, 253
413, 247
414, 243
415, 240
416, 239
417, 236
418, 233
419, 235
420, 234
421, 234
422, 233
423, 234
424, 235
425, 238
426, 245
427, 245
428, 240
429, 240
430, 242
431, 245
432, 243
433, 243
434, 239
435, 240
436, 235
437, 236
438, 240
439, 243
440, 254
441, 244
442, 241
443, 247
444, 254
445, 249
446, 252
447, 252
448, 249
449, 248
450, 249
451, 254
452, 259
453, 261
454, 264
455, 261
456, 254
457, 259
458, 260
459, 264
460, 264
461, 265
462, 261
463, 263
464, 270
465, 275
466, 275
467, 274
468, 275
469, 273
470, 275
471, 279
472, 284
473, 286
474, 288
475, 300
476, 304
477, 303
478, 310
479, 312
480, 310
481, 303
482, 306
483, 313
484, 311
485, 308
486, 310
487, 306
488, 312
489, 311
490, 308
491, 312
492, 329
493, 339
494, 370
495, 408
496, 416
497, 356
498, 279
499, 219
500, 199
501, 238
502, 290
503, 309
504, 324
505, 345
506, 345
507, 348
508, 350
509, 356
510, 361
511, 363
512, 359
513, 368
514, 368
515, 375
516, 372
517, 371
518, 385
519, 386
520, 394
521, 393
522, 398
523, 400
524, 397
525, 400
526, 409
527, 414
528, 420
529, 419
530, 424
531, 425
532, 414
533, 414
534, 419
535, 414
536, 407
537, 404
538, 395
539, 391
540, 388
541, 381
542, 373
543, 371
544, 368
545, 367
546, 364
547, 368
548, 369
549, 363
550, 364
551, 360
552, 363
553, 358
554, 352
555, 362
556, 359
557, 354
558, 352
559, 352
560, 358
561, 354
562, 350
563, 352
564, 350
565, 350
566, 355
567, 351
568, 353
569, 361
570, 361
571, 354
572, 357
573, 358
574, 358
575, 356
576, 357
577, 352
578, 351
579, 350
580, 349
581, 352
582, 354
583, 355
584, 358
585, 355
586, 348
587, 353
588, 359
589, 354
590, 350
591, 353
592, 361
593, 360
594, 362
595, 364
596, 364
597, 363
598, 367
599, 370
600, 375
601, 376
602, 381
603, 383
604, 375
605, 376
606, 375
607, 372
608, 375
609, 369
610, 362
611, 362
612, 364
613, 370
614, 372
615, 364
616, 368
617, 373
618, 380
619, 399
620, 419
621, 453
622, 484
623, 465
624, 395
625, 326
626, 275
627, 280
628, 324
629, 345
630, 361
631, 378
632, 384
633, 384
634, 381
635, 380
636, 380
637, 381
638, 387
639, 381
640, 379
641, 379
642, 379
643, 380
644, 373
645, 372
646, 378
647, 381
648, 384
649, 383
650, 383
651, 393
652, 391
653, 391
654, 395
655, 392
656, 390
657, 392
658, 389
659, 383
660, 382
661, 386
662, 387
663, 376
664, 370
665, 362
666, 364
667, 366
668, 358
669, 355
670, 355
671, 352
672, 346
673, 348
674, 348
675, 350
676, 344
677, 342
678, 345
679, 336
680, 336
681, 337
682, 341
683, 345
684, 340
685, 341
686, 345
687, 341
688, 345
689, 342
690, 336
691, 343
692, 337
693, 334
694, 336
695, 334
696, 336
697, 330
698, 323
699, 331
700, 326
701, 326
702, 329
703, 319
704, 318
705, 322
706, 322
707, 328
708, 320
709, 322
710, 327
711, 331
712, 335
713, 330
714, 331
715, 334
716, 327
717, 329
718, 330
719, 327
720, 330
721, 330
722, 333
723, 338
724, 334
725, 336
726, 335
727, 332
728, 328
729, 329
730, 332
731, 337
732, 337
733, 338
734, 347
735, 352
736, 342
737, 334
738, 335
739, 338
740, 335
741, 334
742, 335
743, 332
744, 333
745, 328
746, 324
747, 319
748, 324
749, 345
750, 372
751, 404
752, 443
753, 413
754, 329
755, 259
756, 204
757, 214
758, 262
759, 292
760, 312
761, 325
762, 335
763, 335
764, 332
765, 336
766, 339
767, 333
768, 340
769, 332
770, 327
771, 339
772, 340
773, 339
774, 335
775, 335
776, 339
777, 341
778, 342
779, 342
780, 349
781, 360
782, 354
783, 354
784, 353
785, 354
786, 356
787, 358
788, 358
789, 359
790, 362
791, 357
792, 349
793, 342
794, 340
795, 345
796, 325
797, 318
798, 316
799, 313
800, 313
801, 310
802, 316
803, 310
804, 305
805, 309
806, 307
807, 303
808, 314
809, 312
810, 309
811, 316
812, 317
813, 322
814, 322
815, 323
816, 324
817, 325
818, 322
819, 320
820, 317
821, 318
822, 320
823, 319
824, 318
825, 314
826, 314
827, 310
828, 310
829, 314
830, 314
831, 314
832, 316
833, 316
834, 312
835, 312
836, 307
837, 306
838, 304
839, 300
840, 302
841, 299
842, 300
843, 305
844, 304
845, 301
846, 305
847, 300
848, 308
849, 302
850, 301
851, 304
852, 309
853, 307
854, 311
855, 314
856, 314
857, 317
858, 322
859, 325
860, 320
861, 318
862, 318
863, 318
864, 327
865, 324
866, 314
867, 310
868, 312
869, 316
870, 313
871, 308
872, 313
873, 314
874, 308
875, 308
876, 309
877, 311
878, 324
879, 337
880, 363
881, 396
882, 414
883, 365
884, 286
885, 215
886, 176
887, 215
888, 261
889, 295
890, 315
891, 326
892, 328
893, 334
894, 338
895, 340
896, 340
897, 344
898, 341
899, 342
900, 341
901, 345
902, 349
903, 346
904, 352
905, 352
906, 354
907, 353
908, 354
909, 360
910, 365
911, 365
912, 373
913, 372
914, 367
915, 373
916, 377
917, 378
918, 370
919, 369
920, 369
921, 364
922, 359
923, 351
924, 346
925, 346
926, 335
927, 327
928, 326
929, 324
930, 320
931, 319
932, 324
933, 324
934, 319
935, 320
936, 320
937, 321
938, 316
939, 317
940, 315
941, 320
942, 321
943, 323
944, 325
945, 319
946, 322
947, 326
948, 322
949, 323
950, 324
951, 324
952, 328
953, 320
954, 319
955, 322
956, 319
957, 322
958, 325
959, 325
960, 335
961, 341
962, 343
963, 345
964, 340
965, 344
966, 349
967, 346
968, 346
969, 345
970, 345
971, 349
972, 348
973, 349
974, 353
975, 353
976, 352
977, 348
978, 347
979, 343
980, 341
981, 342
982, 341
983, 342
984, 347
985, 347
986, 347
987, 350
988, 348
989, 349
990, 340
991, 337
992, 338
993, 342
994, 339
995, 339
996, 341
997, 344
998, 344
999, 341
1000, 345
1001, 357
1002, 376
1003, 400
1004, 436
1005, 445
1006, 376
1007, 297
1008, 232
1009, 219
1010, 266
1011, 313
1012, 333
1013, 345
1014, 351
1015, 361
1016, 367
1017, 363
1018, 367
1019, 370
1020, 369
1021, 375
1022, 373
1023, 371
1024, 373
1025, 370
1026, 372
1027, 374
1028, 370
1029, 370
1030, 375
1031, 376
1032, 384
1033, 378
1034, 375
1035, 379
1036, 379
1037, 388
1038, 390
1039, 382
1040, 387
1041, 389
1042, 391
1043, 386
1044, 380
1045, 379
1046, 375
1047, 369
1048, 365
1049, 357
1050, 360
1051, 356
1052, 344
1053, 346
1054, 343
1055, 342
1056, 342
1057, 345
1058, 341
1059, 342
1060, 337
1061, 336
1062, 338
1063, 345
1064, 344
1065, 345
1066, 343
1067, 349
1068, 344
1069, 341
1070, 342
1071, 343
1072, 344
1073, 343
1074, 341
1075, 340
1076, 336
1077, 340
1078, 342
1079, 339
1080, 337
1081, 334
1082, 340
1083, 347
1084, 342
1085, 344
1086, 348
1087, 347
1088, 343
1089, 345
1090, 342
1091, 341
1092, 340
1093, 332
1094, 330
1095, 328
1096, 332
1097, 333
1098, 332
1099, 335
1100, 332
1101, 331
1102, 329
1103, 328
1104, 334
1105, 337
1106, 339
1107, 341
1108, 345
1109, 344
1110, 336
1111, 336
1112, 339
1113, 341
1114, 340
1115, 339
1116, 336
1117, 337
1118, 335
1119, 336
1120, 341
1121, 345
1122, 355
1123, 378
1124, 410
1125, 442
1126, 399
1127, 324
1128, 256
1129, 209
1130, 235
1131, 276
1132, 309
1133, 328
1134, 347
1135, 356
1136, 357
1137, 355
1138, 366
1139, 361
1140, 361
1141, 367
1142, 370
1143, 365
1144, 367
1145, 371
1146, 373
1147, 371
1148, 372
1149, 378
1150, 374
1151, 374
1152, 378
1153, 373
1154, 381
1155, 381
1156, 378
1157, 382
1158, 380
1159, 381
1160, 388
1161, 382
1162, 379
1163, 382
1164, 378
1165, 378
1166, 371
1167, 368
1168, 365
1169, 360
1170, 358
1171, 352
1172, 348
1173, 344
1174, 344
1175, 343
1176, 340
1177, 338
1178, 345
1179, 345
1180, 347
1181, 347
1182, 350
1183, 350
1184, 351
1185, 350
1186, 352
1187, 350
1188, 346
1189, 348
1190, 350
1191, 349
1192, 352
1193, 352
1194, 351
1195, 351
1196, 350
1197, 350
