time,heartValue
0, 302
1, 297
2, 307
3, 309
4, 313
5, 305
6, 311
7, 309
8, 298
9, 300
10, 312
11, 292
12, 301
13, 298
14, 300
15, 295
16, 294
17, 292
18, 288
19, 296
20, 295
21, 291
22, 315
23, 317
24, 318
25, 318
26, 314
27, 316
28, 315
29, 311
30, 322
31, 313
32, 307
33, 311
34, 312
35, 310
36, 307
37, 314
38, 319
39, 310
40, 302
41, 305
42, 302
43, 297
44, 307
45, 309
46, 313
47, 305
48, 311
49, 309
50, 298
51, 300
52, 312
53, 382
54, 412
55, 402
56, 319
57, 238
58, 176
59, 190
60, 228
61, 261
62, 288
63, 301
64, 307
65, 307
66, 307
67, 315
68, 320
69, 322
70, 319
71, 320
72, 322
73, 321
74, 321
75, 326
76, 329
77, 327
78, 330
79, 335
80, 340
81, 331
82, 330
83, 339
84, 346
85, 347
86, 349
87, 343
88, 339
89, 340
90, 345
91, 345
92, 343
93, 348
94, 338
95, 327
96, 323
97, 319
98, 324
99, 314
100, 305
101, 314
102, 308
103, 310
104, 309
105, 310
106, 318
107, 318
108, 326
109, 325
110, 329
111, 331
112, 325
113, 320
114, 323
115, 317
116, 329
117, 326
118, 330
119, 331
120, 335
121, 330
122, 330
123, 321
124, 327
125, 329
126, 324
127, 327
128, 329
129, 323
130, 330
131, 325
132, 317
133, 316
134, 318
135, 320
136, 316
137, 317
138, 315
139, 316
140, 321
141, 320
142, 315
143, 315
144, 317
145, 311
146, 313
147, 309
148, 308
149, 311
150, 308
151, 305
152, 306
153, 303
154, 308
155, 314
156, 311
157, 314
158, 319
159, 312
160, 310
161, 303
162, 307
163, 309
164, 304
165, 297
166, 305
167, 304
168, 300
169, 299
170, 311
171, 306
172, 308
173, 323
174, 353
175, 397
176, 423
177, 365
178, 279
179, 207
180, 165
181, 207
182, 242
183, 275
184, 295
185, 299
186, 311
187, 317
188, 310
189, 320
190, 322
191, 324
192, 328
193, 329
194, 327
195, 328
196, 328
197, 329
198, 335
199, 339
200, 337
201, 342
202, 338
203, 335
204, 347
205, 354
206, 351
207, 351
208, 359
209, 363
210, 364
211, 358
212, 365
213, 364
214, 363
215, 359
216, 349
217, 351
218, 355
219, 353
220, 347
221, 357
222, 359
223, 358
224, 360
225, 364
226, 365
227, 352
228, 358
229, 361
230, 368
231, 368
232, 368
233, 368
234, 371
235, 371
236, 363
237, 362
238, 367
239, 367
240, 371
241, 369
242, 369
243, 366
244, 367
245, 371
246, 365
247, 369
248, 363
249, 360
250, 351
251, 351
252, 353
253, 350
254, 351
255, 357
256, 351
257, 354
258, 355
259, 361
260, 358
261, 351
262, 343
263, 348
264, 347
265, 347
266, 350
267, 352
268, 351
269, 343
270, 346
271, 351
272, 344
273, 341
274, 344
275, 341
276, 346
277, 344
278, 341
279, 341
280, 339
281, 340
282, 344
283, 332
284, 336
285, 335
286, 339
287, 347
288, 345
289, 345
290, 349
291, 344
292, 351
293, 362
294, 401
295, 446
296, 457
297, 387
298, 310
299, 250
300, 211
301, 242
302, 280
303, 311
304, 322
305, 334
306, 339
307, 336
308, 344
309, 344
310, 337
311, 343
312, 356
313, 358
314, 354
315, 348
316, 362
317, 362
318, 364
319, 360
320, 362
321, 364
322, 362
323, 357
324, 369
325, 371
326, 363
327, 372
328, 379
329, 392
330, 375
331, 370
332, 378
333, 383
334, 371
335, 369
336, 360
337, 355
338, 353
339, 345
340, 350
341, 346
342, 329
343, 324
344, 324
345, 329
346, 333
347, 318
348, 318
349, 322
350, 336
351, 345
352, 338
353, 331
354, 336
355, 336
356, 329
357, 326
358, 330
359, 330
360, 332
361, 334
362, 336
363, 325
364, 326
365, 329
366, 316
367, 318
368, 318
369, 313
370, 318
371, 314
372, 317
373, 316
374, 318
375, 305
376, 300
377, 300
378, 309
379, 307
380, 308
381, 307
382, 308
383, 316
384, 319
385, 318
386, 313
387, 316
388, 313
389, 318
390, 314
391, 318
392, 314
393, 315
394, 320
395, 323
396, 315
397, 316
398, 326
399, 323
400, 316
401, 318
402, 321
403, 326
404, 327
405, 318
406, 305
407, 315
408, 322
409, 330
410, 333
411, 328
412, 327
413, 334
414, 329
415, 336
416, 345
417, 351
418, 370
419, 404
420, 441
421, 427
422, 355
423, 284
424, 220
425, 214
426, 251
427, 282
428, 314
429, 337
430, 351
431, 355
432, 349
433, 352
434, 362
435, 357
436, 360
437, 371
438, 359
439, 361
440, 364
441, 363
442, 368
443, 370
444, 374
445, 373
446, 383
447, 391
448, 394
449, 398
450, 403
451, 405
452, 416
453, 412
454, 410
455, 406
456, 401
457, 387
458, 386
459, 379
460, 374
461, 366
462, 354
463, 353
464, 341
465, 341
466, 336
467, 327
468, 324
469, 316
470, 315
471, 322
472, 313
473, 321
474, 323
475, 323
476, 319
477, 314
478, 317
479, 327
480, 328
481, 319
482, 315
483, 308
484, 315
485, 319
486, 313
487, 312
488, 306
489, 313
490, 313
491, 309
492, 315
493, 306
494, 311
495, 314
496, 305
497, 316
498, 317
499, 317
500, 317
501, 315
502, 311
503, 316
504, 317
505, 322
506, 314
507, 310
508, 306
509, 319
510, 317
511, 320
512, 324
513, 318
514, 323
515, 320
516, 320
517, 318
518, 310
519, 309
520, 305
521, 309
522, 316
523, 305
524, 310
525, 319
526, 315
527, 314
528, 310
529, 305
530, 312
531, 300
532, 304
533, 310
534, 308
535, 310
536, 307
537, 322
538, 315
539, 307
540, 324
541, 339
542, 368
543, 420
544, 447
545, 393
546, 311
547, 228
548, 190
549, 229
550, 277
551, 297
552, 311
553, 320
554, 324
555, 325
556, 337
557, 330
558, 329
559, 333
560, 327
561, 334
562, 347
563, 348
564, 342
565, 340
566, 344
567, 356
568, 351
569, 348
570, 350
571, 363
572, 368
573, 368
574, 370
575, 368
576, 369
577, 369
578, 365
579, 361
580, 355
581, 368
582, 363
583, 357
584, 351
585, 338
586, 340
587, 333
588, 332
589, 325
590, 316
591, 317
592, 312
593, 307
594, 317
595, 314
596, 310
597, 305
598, 308
599, 310
600, 301
601, 303
602, 306
603, 306
604, 306
605, 302
606, 306
607, 304
608, 297
609, 307
610, 294
611, 296
612, 298
613, 296
614, 282
615, 284
616, 295
617, 302
618, 301
619, 299
620, 304
621, 312
622, 303
623, 306
624, 305
625, 304
626, 302
627, 294
628, 295
629, 304
630, 297
631, 298
632, 305
633, 311
634, 304
635, 301
636, 313
637, 318
638, 321
639, 316
640, 307
641, 299
642, 306
643, 306
644, 305
645, 300
646, 303
647, 307
648, 305
649, 303
650, 295
651, 282
652, 284
653, 285
654, 279
655, 281
656, 279
657, 284
658, 288
659, 294
660, 290
661, 289
662, 303
663, 331
664, 359
665, 401
666, 402
667, 332
668, 260
669, 191
670, 180
671, 222
672, 256
673, 282
674, 303
675, 298
676, 299
677, 295
678, 309
679, 310
680, 314
681, 316
682, 320
683, 330
684, 335
685, 328
686, 332
687, 335
688, 324
689, 322
690, 326
691, 327
692, 322
693, 330
694, 326
695, 333
696, 333
697, 341
698, 337
699, 331
700, 327
701, 324
702, 323
703, 329
704, 321
705, 315
706, 313
707, 301
708, 304
709, 290
710, 293
711, 299
712, 294
713, 290
714, 289
715, 290
716, 293
717, 290
718, 291
719, 301
720, 298
721, 302
722, 293
723, 296
724, 312
725, 313
726, 313
727, 319
728, 315
729, 318
730, 322
731, 322
732, 322
733, 325
734, 319
735, 321
736, 315
737, 306
738, 310
739, 310
740, 312
741, 308
742, 303
743, 309
744, 303
745, 304
746, 309
747, 310
748, 307
749, 306
750, 313
751, 314
752, 304
753, 314
754, 325
755, 323
756, 324
757, 319
758, 321
759, 325
760, 325
761, 333
762, 333
763, 326
764, 327
765, 319
766, 317
767, 318
768, 320
769, 326
770, 320
771, 315
772, 317
773, 327
774, 319
775, 316
776, 310
777, 308
778, 307
779, 307
780, 307
781, 301
782, 301
783, 306
784, 304
785, 305
786, 303
787, 304
788, 309
789, 335
790, 365
791, 403
792, 407
793, 341
794, 248
795, 184
796, 192
797, 233
798, 260
799, 282
800, 299
801, 306
802, 303
803, 300
804, 307
805, 311
806, 315
807, 310
808, 306
809, 322
810, 323
811, 325
812, 333
813, 329
814, 329
815, 325
816, 334
817, 341
818, 343
819, 348
820, 353
821, 348
822, 352
823, 360
824, 353
825, 357
826, 354
827, 348
828, 345
829, 350
830, 338
831, 328
832, 335
833, 325
834, 322
835, 323
836, 321
837, 302
838, 303
839, 307
840, 294
841, 291
842, 286
843, 297
844, 302
845, 305
846, 298
847, 304
848, 300
849, 305
850, 303
851, 297
852, 303
853, 296
854, 290
855, 288
856, 285
857, 292
858, 297
859, 296
860, 283
861, 282
862, 290
863, 284
864, 292
865, 293
866, 285
867, 283
868, 291
869, 288
870, 284
871, 288
872, 288
873, 288
874, 286
875, 284
876, 287
877, 277
878, 286
879, 281
880, 281
881, 278
882, 276
883, 268
884, 279
885, 280
886, 278
887, 277
888, 276
889, 289
890, 279
891, 264
892, 273
893, 267
894, 257
895, 264
896, 274
897, 281
898, 272
899, 269
900, 271
901, 263
902, 254
903, 264
904, 256
905, 258
906, 258
907, 254
908, 256
909, 262
910, 265
911, 258
912, 257
913, 266
914, 284
915, 313
916, 356
917, 371
918, 321
919, 229
920, 141
921, 122
922, 162
923, 196
924, 230
925, 238
926, 247
927, 252
928, 254
929, 254
930, 257
931, 258
932, 270
933, 269
934, 273
935, 272
936, 259
937, 264
938, 279
939, 274
940, 269
941, 271
942, 274
943, 274
944, 271
945, 277
946, 287
947, 280
948, 280
949, 286
950, 280
951, 276
952, 272
953, 267
954, 269
955, 267
956, 264
957, 262
958, 259
959, 254
960, 246
961, 243
962, 232
963, 227
964, 232
965, 229
966, 221
967, 218
968, 225
969, 224
970, 234
971, 239
972, 241
973, 230
974, 240
975, 237
976, 230
977, 237
978, 243
979, 232
980, 233
981, 228
982, 232
983, 227
984, 229
985, 227
986, 220
987, 221
988, 227
989, 219
990, 227
991, 225
992, 224
993, 222
994, 222
995, 229
996, 228
997, 229
998, 233
999, 237
1000, 238
1001, 243
1002, 250
1003, 247
1004, 249
1005, 249
1006, 254
1007, 254
1008, 259
1009, 259
1010, 257
1011, 264
1012, 271
1013, 269
1014, 269
1015, 268
1016, 276
1017, 281
1018, 285
1019, 286
1020, 285
1021, 283
1022, 275
1023, 278
1024, 289
1025, 292
1026, 289
1027, 286
1028, 287
1029, 292
1030, 293
1031, 286
1032, 286
1033, 308
1034, 325
1035, 353
1036, 386
1037, 406
1038, 367
1039, 279
1040, 208
1041, 161
1042, 200
1043, 243
1044, 283
1045, 298
1046, 313
1047, 318
1048, 320
1049, 330
1050, 328
1051, 322
1052, 335
1053, 341
1054, 340
1055, 352
1056, 350
1057, 359
1058, 364
1059, 362
1060, 363
1061, 373
1062, 376
1063, 370
1064, 368
1065, 381
1066, 389
1067, 385
1068, 385
1069, 391
1070, 399
1071, 397
1072, 394
1073, 391
1074, 382
1075, 384
1076, 387
1077, 371
1078, 366
1079, 364
1080, 355
1081, 359
1082, 347
1083, 347
1084, 352
1085, 342
1086, 341
1087, 344
1088, 343
1089, 343
1090, 352
1091, 347
1092, 346
1093, 352
1094, 357
1095, 360
1096, 358
1097, 362
1098, 359
1099, 357
1100, 355
1101, 358
1102, 364
1103, 344
1104, 340
1105, 354
1106, 356
1107, 353
1108, 353
1109, 354
1110, 353
1111, 354
1112, 354
1113, 350
1114, 349
1115, 356
1116, 350
1117, 342
1118, 349
1119, 355
1120, 363
1121, 364
1122, 350
1123, 357
1124, 360
1125, 361
1126, 361
1127, 360
1128, 357
1129, 354
1130, 355
1131, 343
1132, 350
1133, 350
1134, 350
1135, 336
1136, 359
1137, 360
1138, 357
1139, 359
1140, 358
1141, 359
1142, 367
1143, 374
1144, 373
1145, 367
1146, 363
1147, 361
1148, 362
1149, 358
1150, 362
1151, 374
1152, 372
1153, 368
1154, 368
1155, 373
1156, 379
1157, 377
1158, 395
1159, 423
1160, 469
1161, 494
1162, 455
1163, 377
1164, 299
1165, 250
1166, 271
1167, 314
1168, 356
1169, 374
1170, 382
1171, 387
1172, 391
1173, 396
1174, 398
1175, 398
1176, 410
1177, 412
1178, 414
1179, 408
1180, 411
1181, 407
1182, 408
1183, 409
1184, 416
1185, 416
1186, 417
1187, 424
1188, 425
1189, 426
1190, 432
1191, 439
1192, 427
1193, 425
1194, 423
1195, 429
1196, 431
1197, 426
1198, 418
1199, 417
1200, 420
1201, 417
1202, 400
1203, 395
1204, 401
1205, 393
1206, 388
1207, 384
1208, 374
1209, 375
1210, 379
1211, 379
1212, 376
1213, 377
1214, 375
1215, 376
1216, 376
1217, 379
1218, 384
1219, 393
1220, 393
1221, 392
1222, 396
1223, 389
1224, 387
1225, 392
1226, 394
1227, 394
1228, 390
1229, 392
1230, 388
1231, 380
1232, 377
1233, 386
1234, 394
1235, 386
1236, 381
1237, 381
1238, 381
1239, 387
1240, 389
1241, 387
1242, 391
1243, 396
1244, 389
1245, 381
1246, 383
1247, 380
1248, 382
1249, 382
1250, 381
1251, 381
1252, 388
1253, 374
1254, 383
1255, 386
1256, 382
1257, 388
1258, 377
1259, 383
1260, 383
1261, 385
1262, 392
1263, 385
1264, 388
1265, 397
1266, 391
1267, 384
1268, 398
1269, 396
1270, 381
1271, 376
1272, 383
1273, 391
1274, 385
1275, 375
1276, 375
1277, 376
1278, 379
1279, 374
1280, 377
1281, 381
1282, 393
1283, 423
1284, 466
1285, 501
1286, 476
1287, 390
1288, 317
1289, 270
1290, 269
1291, 319
1292, 354
1293, 371
1294, 387
1295, 388
1296, 403
1297, 408
1298, 399
1299, 397
1300, 400
1301, 402
1302, 401
1303, 406
1304, 401
1305, 400
1306, 404
1307, 400
1308, 404
1309, 403
1310, 408
1311, 414
1312, 425
1313, 414
1314, 415
1315, 419
1316, 412
1317, 428
1318, 435
1319, 421
1320, 424
1321, 421
1322, 414
1323, 407
1324, 403
1325, 400
1326, 393
1327, 387
1328, 388
1329, 377
1330, 372
1331, 372
1332, 370
1333, 362
1334, 365
1335, 362
1336, 361
1337, 362
1338, 362
1339, 365
1340, 357
1341, 356
1342, 360
1343, 362
1344, 361
1345, 365
1346, 368
1347, 360
1348, 355
1349, 358
1350, 356
1351, 347
1352, 346
1353, 348
1354, 349
1355, 352
1356, 352
1357, 352
1358, 344
1359, 338
1360, 351
1361, 356
1362, 354
1363, 354
1364, 346
1365, 350
1366, 347
1367, 344
1368, 348
1369, 346
1370, 352
1371, 358
1372, 356
1373, 362
1374, 367
1375, 359
1376, 364
1377, 365
1378, 360
1379, 374
1380, 372
1381, 367
1382, 371
1383, 374
1384, 372
1385, 369
1386, 369
1387, 380
1388, 384
1389, 377
1390, 384
1391, 373
1392, 379
1393, 379
1394, 378
1395, 379
1396, 367
1397, 365
1398, 364
1399, 373
1400, 378
1401, 368
1402, 370
1403, 370
1404, 361
1405, 364
1406, 365
1407, 364
1408, 374
1409, 393
1410, 429
1411, 475
1412, 454
1413, 384
1414, 303
1415, 243
1416, 245
1417, 272
1418, 315
1419, 345
1420, 355
1421, 356
1422, 363
1423, 358
1424, 364
1425, 365
1426, 367
1427, 377
1428, 371
1429, 370
1430, 367
1431, 372
1432, 383
1433, 382
1434, 375
1435, 381
1436, 385
1437, 394
1438, 383
1439, 383
1440, 389
1441, 404
1442, 398
1443, 400
1444, 395
1445, 389
1446, 396
1447, 393
1448, 397
1449, 383
1450, 364
1451, 371
1452, 371
1453, 352
1454, 352
1455, 345
1456, 339
1457, 339
1458, 339
1459, 338
1460, 326
1461, 331
1462, 337
1463, 334
1464, 326
1465, 333
1466, 328
1467, 333
1468, 328
1469, 333
1470, 337
1471, 329
1472, 330
1473, 339
1474, 345
1475, 351
1476, 341
1477, 339
1478, 343
1479, 342
1480, 337
1481, 337
1482, 344
1483, 347
1484, 340
1485, 343
1486, 350
1487, 348
1488, 345
1489, 347
1490, 351
1491, 341
1492, 327
1493, 335
1494, 342
1495, 342
1496, 338
1497, 350
1498, 341
1499, 343
1500, 341
1501, 346
1502, 348
1503, 345
1504, 345
1505, 343
1506, 347
1507, 346
1508, 345
1509, 351
1510, 347
1511, 347
1512, 341
1513, 343
1514, 345
1515, 348
1516, 347
1517, 350
1518, 355
1519, 349
1520, 354
1521, 354
1522, 339
1523, 347
1524, 350
1525, 344
1526, 345
1527, 343
1528, 352
1529, 356
1530, 346
1531, 345
1532, 339
1533, 341
1534, 353
1535, 367
1536, 396
1537, 447
1538, 465
1539, 404
1540, 327
1541, 263
1542, 232
1543, 257
1544, 298
1545, 322
1546, 331
1547, 353
1548, 347
1549, 355
1550, 367
1551, 362
1552, 358
1553, 356
1554, 358
1555, 363
1556, 369
1557, 377
1558, 378
1559, 371
1560, 376
1561, 379
1562, 369
1563, 384
1564, 387
1565, 382
1566, 382
1567, 392
1568, 393
1569, 390
1570, 389
1571, 396
1572, 396
1573, 394
1574, 397
1575, 391
1576, 387
1577, 383
1578, 363
1579, 362
1580, 362
1581, 357
1582, 357
1583, 348
1584, 340
1585, 336
1586, 336
1587, 336
1588, 332
1589, 330
1590, 337
1591, 334
1592, 329
1593, 329
1594, 337
1595, 340
1596, 337
1597, 341
1598, 341
1599, 341
1600, 341
1601, 334
1602, 338
1603, 340
1604, 338
1605, 333
1606, 333
1607, 326
1608, 328
1609, 329
1610, 330
1611, 328
1612, 328
1613, 324
1614, 321
1615, 315
1616, 316
1617, 316
1618, 319
1619, 314
1620, 300
1621, 310
1622, 317
1623, 310
1624, 317
1625, 313
1626, 314
1627, 316
1628, 314
1629, 311
1630, 323
1631, 318
1632, 300
1633, 301
1634, 311
1635, 310
1636, 308
1637, 307
1638, 312
1639, 316
1640, 315
1641, 319
1642, 324
1643, 310
1644, 307
1645, 317
1646, 322
1647, 326
1648, 325
1649, 325
