time,heartValue
0, 15871
1, 320
2, 317
3, 314
4, 310
5, 308
6, 311
7, 311
8, 310
9, 315
10, 320
11, 322
12, 320
13, 322
14, 322
15, 327
16, 342
17, 364
18, 403
19, 433
20, 400
21, 325
22, 258
23, 17151
24, 326
25, 323
26, 323
27, 323
28, 320
29, 324
30, 323
31, 321
32, 321
33, 318
34, 315
35, 319
36, 319
37, 314
38, 316
39, 313
40, 311
41, 317
42, 324
43, 320
44, 317
45, 314
46, 310
47, 308
48, 311
49, 311
50, 310
51, 315
52, 320
53, 322
54, 320
55, 322
56, 322
57, 327
58, 342
59, 364
60, 403
61, 433
62, 400
63, 325
64, 258
65, 0
66, 266
67, 298
68, 313
69, 327
70, 329
71, 333
72, 334
73, 336
74, 334
75, 332
76, 336
77, 339
78, 339
79, 341
80, 345
81, 348
82, 350
83, 349
84, 354
85, 353
86, 355
87, 354
88, 356
89, 362
90, 359
91, 362
92, 366
93, 363
94, 365
95, 360
96, 357
97, 359
98, 357
99, 347
100, 344
101, 340
102, 332
103, 327
104, 321
105, 323
106, 320
107, 317
108, 311
109, 309
110, 309
111, 308
112, 307
113, 310
114, 308
115, 310
116, 310
117, 308
118, 312
119, 311
120, 310
121, 310
122, 310
123, 308
124, 313
125, 311
126, 312
127, 309
128, 312
129, 311
130, 310
131, 308
132, 315
133, 313
134, 315
135, 316
136, 316
137, 318
138, 316
139, 313
140, 314
141, 313
142, 312
143, 312
144, 307
145, 309
146, 306
147, 308
148, 309
149, 308
150, 310
151, 311
152, 314
153, 318
154, 319
155, 320
156, 320
157, 317
158, 317
159, 319
160, 320
161, 322
162, 321
163, 317
164, 312
165, 314
166, 316
167, 317
168, 321
169, 325
170, 324
171, 327
172, 327
173, 325
174, 323
175, 322
176, 321
177, 324
178, 322
179, 322
180, 320
181, 322
182, 324
183, 322
184, 327
185, 331
186, 335
187, 352
188, 388
189, 424
190, 437
191, 384
192, 307
193, 243
194, 210
195, 238
196, 274
197, 300
198, 322
199, 336
200, 335
201, 336
202, 337
203, 342
204, 343
205, 347
206, 350
207, 358
208, 359
209, 359
210, 359
211, 357
212, 360
213, 361
214, 362
215, 369
216, 368
217, 371
218, 374
219, 375
220, 376
221, 373
222, 378
223, 381
224, 380
225, 378
226, 375
227, 372
228, 369
229, 363
230, 357
231, 349
232, 344
233, 342
234, 336
235, 334
236, 331
237, 325
238, 325
239, 325
240, 322
241, 324
242, 324
243, 322
244, 323
245, 325
246, 324
247, 327
248, 328
249, 330
250, 331
251, 332
252, 330
253, 332
254, 332
255, 329
256, 330
257, 332
258, 327
259, 329
260, 325
261, 323
262, 331
263, 333
264, 330
265, 329
266, 331
267, 330
268, 330
269, 331
270, 333
271, 332
272, 333
273, 331
274, 332
275, 338
276, 341
277, 340
278, 342
279, 341
280, 342
281, 342
282, 345
283, 348
284, 354
285, 349
286, 348
287, 346
288, 347
289, 351
290, 350
291, 353
292, 358
293, 358
294, 358
295, 358
296, 358
297, 361
298, 365
299, 365
300, 368
301, 368
302, 376
303, 380
304, 376
305, 368
306, 365
307, 368
308, 368
309, 364
310, 356
311, 357
312, 358
313, 359
314, 357
315, 357
316, 358
317, 372
318, 392
319, 425
320, 460
321, 456
322, 385
323, 305
324, 248
325, 232
326, 266
327, 297
328, 316
329, 334
330, 335
331, 336
332, 337
333, 340
334, 340
335, 339
336, 336
337, 332
338, 326
339, 329
340, 328
341, 328
342, 326
343, 328
344, 329
345, 331
346, 331
347, 331
348, 334
349, 331
350, 338
351, 337
352, 338
353, 336
354, 332
355, 335
356, 333
357, 322
358, 321
359, 311
360, 301
361, 296
362, 290
363, 287
364, 283
365, 275
366, 270
367, 264
368, 258
369, 254
370, 253
371, 250
372, 249
373, 249
374, 246
375, 249
376, 249
377, 254
378, 254
379, 247
380, 251
381, 248
382, 252
383, 253
384, 251
385, 253
386, 257
387, 260
388, 259
389, 256
390, 252
391, 254
392, 254
393, 257
394, 254
395, 251
396, 253
397, 252
398, 253
399, 254
400, 259
401, 259
402, 254
403, 254
404, 256
405, 259
406, 257
407, 256
408, 254
409, 254
410, 253
411, 254
412, 253
413, 249
414, 250
415, 256
416, 254
417, 254
418, 252
419, 259
420, 260
421, 257
422, 261
423, 266
424, 267
425, 266
426, 262
427, 263
428, 266
429, 272
430, 274
431, 277
432, 277
433, 276
434, 281
435, 285
436, 282
437, 273
438, 270
439, 268
440, 268
441, 277
442, 278
443, 281
444, 283
445, 279
446, 285
447, 284
448, 289
449, 311
450, 338
451, 374
452, 399
453, 360
454, 282
455, 217
456, 169
457, 196
458, 234
459, 264
460, 284
461, 296
462, 300
463, 303
464, 306
465, 312
466, 316
467, 318
468, 319
469, 322
470, 327
471, 329
472, 330
473, 330
474, 339
475, 342
476, 337
477, 346
478, 347
479, 348
480, 352
481, 358
482, 363
483, 371
484, 369
485, 371
486, 376
487, 371
488, 366
489, 366
490, 360
491, 362
492, 360
493, 355
494, 348
495, 346
496, 340
497, 337
498, 334
499, 336
500, 333
501, 332
502, 333
503, 332
504, 337
505, 337
506, 334
507, 336
508, 336
509, 331
510, 334
511, 332
512, 338
513, 343
514, 341
515, 346
516, 346
517, 344
518, 343
519, 338
520, 340
521, 342
522, 337
523, 340
524, 340
525, 337
526, 343
527, 340
528, 337
529, 338
530, 340
531, 348
532, 346
533, 346
534, 347
535, 343
536, 344
537, 345
538, 341
539, 344
540, 345
541, 345
542, 347
543, 341
544, 343
545, 350
546, 351
547, 351
548, 355
549, 356
550, 357
551, 357
552, 355
553, 360
554, 356
555, 353
556, 354
557, 360
558, 364
559, 363
560, 361
561, 368
562, 370
563, 369
564, 372
565, 365
566, 360
567, 356
568, 357
569, 360
570, 361
571, 362
572, 365
573, 366
574, 366
575, 362
576, 363
577, 371
578, 380
579, 398
580, 429
581, 470
582, 474
583, 405
584, 325
585, 254
586, 242
587, 281
588, 315
589, 339
590, 355
591, 364
592, 368
593, 369
594, 376
595, 378
596, 378
597, 379
598, 381
599, 379
600, 379
601, 380
602, 377
603, 379
604, 382
605, 386
606, 392
607, 391
608, 399
609, 404
610, 405
611, 405
612, 407
613, 410
614, 413
615, 409
616, 411
617, 410
618, 406
619, 405
620, 405
621, 402
622, 393
623, 386
624, 383
625, 381
626, 376
627, 373
628, 368
629, 367
630, 364
631, 359
632, 354
633, 355
634, 353
635, 352
636, 350
637, 348
638, 355
639, 353
640, 354
641, 357
642, 352
643, 359
644, 359
645, 360
646, 359
647, 353
648, 352
649, 353
650, 349
651, 347
652, 349
653, 347
654, 348
655, 347
656, 346
657, 353
658, 350
659, 351
660, 348
661, 344
662, 346
663, 347
664, 352
665, 353
666, 354
667, 354
668, 357
669, 356
670, 354
671, 352
672, 354
673, 357
674, 354
675, 354
676, 354
677, 356
678, 358
679, 353
680, 355
681, 358
682, 361
683, 362
684, 362
685, 357
686, 353
687, 356
688, 357
689, 356
690, 350
691, 354
692, 358
693, 359
694, 358
695, 354
696, 355
697, 361
698, 371
699, 391
700, 425
701, 457
702, 439
703, 362
704, 288
705, 231
706, 241
707, 281
708, 312
709, 336
710, 348
711, 356
712, 358
713, 359
714, 357
715, 357
716, 358
717, 356
718, 359
719, 361
720, 365
721, 368
722, 367
723, 367
724, 364
725, 362
726, 365
727, 369
728, 368
729, 371
730, 371
731, 378
732, 381
733, 384
734, 383
735, 383
736, 381
737, 378
738, 377
739, 375
740, 375
741, 372
742, 368
743, 362
744, 360
745, 358
746, 353
747, 350
748, 344
749, 339
750, 338
751, 337
752, 335
753, 333
754, 330
755, 334
756, 335
757, 338
758, 337
759, 334
760, 336
761, 337
762, 337
763, 334
764, 332
765, 335
766, 335
767, 329
768, 329
769, 326
770, 327
771, 332
772, 327
773, 325
774, 321
775, 324
776, 325
777, 326
778, 328
779, 326
780, 327
781, 331
782, 332
783, 329
784, 333
785, 331
786, 328
787, 326
788, 327
789, 328
790, 331
791, 329
792, 323
793, 325
794, 322
795, 324
796, 323
797, 324
798, 322
799, 327
800, 331
801, 333
802, 335
803, 336
804, 329
805, 328
806, 329
807, 327
808, 326
809, 326
810, 325
811, 326
812, 326
813, 330
814, 331
815, 334
816, 350
817, 375
818, 405
819, 436
820, 409
821, 336
822, 273
823, 220
824, 227
825, 273
826, 298
827, 317
828, 326
829, 331
830, 337
831, 338
832, 335
833, 339
834, 340
835, 343
836, 341
837, 342
838, 349
839, 348
840, 350
841, 352
842, 355
843, 362
844, 360
845, 363
846, 368
847, 369
848, 368
849, 369
850, 372
851, 371
852, 368
853, 372
854, 370
855, 365
856, 365
857, 363
858, 362
859, 358
860, 351
861, 344
862, 337
863, 332
864, 332
865, 334
866, 330
867, 329
868, 327
869, 327
870, 328
871, 321
872, 322
873, 325
874, 327
875, 325
876, 326
877, 325
878, 324
879, 326
880, 323
881, 322
882, 322
883, 322
884, 321
885, 323
886, 322
887, 320
888, 319
889, 320
890, 321
891, 322
892, 320
893, 320
894, 317
895, 320
896, 322
897, 317
898, 317
899, 321
900, 319
901, 321
902, 324
903, 320
904, 319
905, 319
906, 315
907, 316
908, 314
909, 312
910, 314
911, 313
912, 313
913, 312
914, 314
915, 318
916, 318
917, 322
918, 324
919, 320
920, 319
921, 320
922, 321
923, 320
924, 321
925, 328
926, 330
927, 332
928, 332
929, 324
930, 322
931, 321
932, 323
933, 323
934, 326
935, 325
936, 325
937, 325
938, 323
939, 331
940, 337
941, 349
942, 367
943, 396
944, 432
945, 426
946, 357
947, 281
948, 218
949, 210
950, 257
951, 294
952, 316
953, 327
954, 334
955, 336
956, 334
957, 342
958, 348
959, 344
960, 345
961, 351
962, 353
963, 356
964, 354
965, 355
966, 356
967, 358
968, 357
969, 357
970, 357
971, 362
972, 367
973, 368
974, 365
975, 365
976, 370
977, 372
978, 375
979, 375
980, 370
981, 368
982, 367
983, 363
984, 360
985, 357
986, 352
987, 349
988, 344
989, 341
990, 339
991, 329
992, 323
993, 323
994, 327
995, 328
996, 325
997, 330
998, 330
999, 324
1000, 327
1001, 328
1002, 331
1003, 336
1004, 335
1005, 336
1006, 335
1007, 333
1008, 333
1009, 333
1010, 336
1011, 340
1012, 336
1013, 337
1014, 339
1015, 339
1016, 339
1017, 338
1018, 339
1019, 342
1020, 343
1021, 339
1022, 338
1023, 339
1024, 338
1025, 336
1026, 339
1027, 344
1028, 344
1029, 341
1030, 339
1031, 337
1032, 343
1033, 341
1034, 334
1035, 337
1036, 336
1037, 335
1038, 335
1039, 336
1040, 340
1041, 339
1042, 330
1043, 333
1044, 335
1045, 332
1046, 329
1047, 326
1048, 331
1049, 339
1050, 338
1051, 343
1052, 343
1053, 338
1054, 340
1055, 339
1056, 342
1057, 341
1058, 341
1059, 341
1060, 341
1061, 342
1062, 342
1063, 341
1064, 347
1065, 361
1066, 377
1067, 415
1068, 457
1069, 450
1070, 376
1071, 291
1072, 228
1073, 225
1074, 270
1075, 308
1076, 328
1077, 346
1078, 348
1079, 350
1080, 349
1081, 352
1082, 355
1083, 364
1084, 362
1085, 359
1086, 366
1087, 366
1088, 367
1089, 365
1090, 371
1091, 375
1092, 375
1093, 375
1094, 372
1095, 378
1096, 379
1097, 381
1098, 380
1099, 388
1100, 387
1101, 389
1102, 386
1103, 387
1104, 386
1105, 385
1106, 384
1107, 375
1108, 375
1109, 370
1110, 362
1111, 353
1112, 350
1113, 345
1114, 337
1115, 337
1116, 337
1117, 336
1118, 332
1119, 332
1120, 334
1121, 335
1122, 334
1123, 335
1124, 333
1125, 337
1126, 335
1127, 333
1128, 333
1129, 329
1130, 328
1131, 326
1132, 322
1133, 323
1134, 319
1135, 319
1136, 323
1137, 321
1138, 318
1139, 319
1140, 310
1141, 313
1142, 308
1143, 304
1144, 307
1145, 307
1146, 303
1147, 306
1148, 305
1149, 306
1150, 308
1151, 310
1152, 313
1153, 308
1154, 310
1155, 311
1156, 310
1157, 318
1158, 318
1159, 316
1160, 321
1161, 318
1162, 323
1163, 322
1164, 321
1165, 321
1166, 322
1167, 322
1168, 327
1169, 328
1170, 326
1171, 334
1172, 334
1173, 332
1174, 335
1175, 337
1176, 336
1177, 333
1178, 332
1179, 334
1180, 333
1181, 333
1182, 334
