time,heartValue
0, 257
1, 363
2, 365
3, 411
4, 434
5, 386
6, 290
7, 213
8, 179
9, 211
10, 257
11, 287
12, 306
13, 317
14, 327
15, 335
16, 339
17, 341
18, 345
19, 351
20, 356
21, 358
22, 364
23, 368
24, 373
25, 371
26, 372
27, 372
28, 373
29, 375
30, 373
31, 373
32, 370
33, 366
34, 371
35, 369
36, 369
37, 370
38, 372
39, 372
40, 374
41, 370
42, 371
43, 363
44, 18943
45, 411
46, 434
47, 386
48, 290
49, 213
50, 179
51, 211
52, 257
53, 287
54, 306
55, 317
56, 327
57, 335
58, 339
59, 341
60, 345
61, 351
62, 356
63, 358
64, 364
65, 368
66, 373
67, 371
68, 372
69, 372
70, 373
71, 375
72, 373
73, 373
74, 370
75, 366
76, 371
77, 369
78, 369
79, 370
80, 372
81, 372
82, 374
83, 370
84, 371
85, 363
86, 64769
87, 352
88, 346
89, 345
90, 341
91, 344
92, 344
93, 346
94, 338
95, 326
96, 328
97, 330
98, 328
99, 330
100, 326
101, 325
102, 328
103, 329
104, 334
105, 340
106, 340
107, 336
108, 340
109, 332
110, 329
111, 328
112, 321
113, 321
114, 321
115, 329
116, 324
117, 324
118, 330
119, 329
120, 321
121, 326
122, 326
123, 331
124, 327
125, 325
126, 322
127, 321
128, 324
129, 323
130, 320
131, 313
132, 308
133, 316
134, 320
135, 309
136, 306
137, 300
138, 296
139, 296
140, 300
141, 296
142, 290
143, 287
144, 286
145, 290
146, 293
147, 296
148, 298
149, 293
150, 294
151, 298
152, 294
153, 287
154, 298
155, 304
156, 304
157, 308
158, 313
159, 311
160, 316
161, 317
162, 312
163, 311
164, 323
165, 343
166, 365
167, 393
168, 434
169, 420
170, 338
171, 252
172, 189
173, 206
174, 250
175, 286
176, 321
177, 334
178, 337
179, 343
180, 348
181, 356
182, 361
183, 361
184, 372
185, 376
186, 371
187, 371
188, 373
189, 378
190, 376
191, 372
192, 368
193, 367
194, 370
195, 377
196, 377
197, 380
198, 381
199, 383
200, 384
201, 382
202, 377
203, 373
204, 366
205, 358
206, 351
207, 352
208, 349
209, 342
210, 335
211, 328
212, 320
213, 311
214, 313
215, 310
216, 312
217, 310
218, 305
219, 304
220, 300
221, 299
222, 297
223, 292
224, 291
225, 291
226, 295
227, 299
228, 298
229, 306
230, 307
231, 307
232, 315
233, 315
234, 316
235, 321
236, 313
237, 306
238, 314
239, 318
240, 318
241, 315
242, 313
243, 311
244, 310
245, 312
246, 309
247, 310
248, 320
249, 328
250, 330
251, 331
252, 333
253, 333
254, 323
255, 313
256, 315
257, 312
258, 307
259, 306
260, 303
261, 310
262, 320
263, 326
264, 334
265, 334
266, 336
267, 343
268, 344
269, 341
270, 345
271, 343
272, 346
273, 354
274, 356
275, 365
276, 359
277, 356
278, 354
279, 351
280, 350
281, 347
282, 348
283, 351
284, 347
285, 346
286, 345
287, 346
288, 348
289, 352
290, 367
291, 400
292, 444
293, 457
294, 392
295, 300
296, 229
297, 212
298, 257
299, 299
300, 324
301, 347
302, 354
303, 361
304, 359
305, 356
306, 360
307, 363
308, 358
309, 362
310, 366
311, 364
312, 357
313, 351
314, 352
315, 357
316, 361
317, 361
318, 358
319, 357
320, 362
321, 366
322, 364
323, 367
324, 365
325, 368
326, 378
327, 380
328, 379
329, 377
330, 371
331, 369
332, 367
333, 366
334, 361
335, 358
336, 347
337, 339
338, 338
339, 342
340, 338
341, 334
342, 330
343, 332
344, 331
345, 325
346, 326
347, 321
348, 316
349, 320
350, 319
351, 312
352, 320
353, 322
354, 327
355, 336
356, 335
357, 339
358, 343
359, 342
360, 345
361, 341
362, 339
363, 341
364, 338
365, 342
366, 339
367, 344
368, 343
369, 339
370, 336
371, 340
372, 345
373, 343
374, 342
375, 345
376, 353
377, 345
378, 348
379, 346
380, 343
381, 343
382, 342
383, 344
384, 350
385, 343
386, 342
387, 340
388, 338
389, 340
390, 345
391, 341
392, 340
393, 336
394, 338
395, 338
396, 332
397, 344
398, 334
399, 332
400, 329
401, 327
402, 320
403, 306
404, 302
405, 311
406, 302
407, 302
408, 300
409, 299
410, 300
411, 302
412, 301
413, 313
414, 338
415, 373
416, 418
417, 454
418, 432
419, 344
420, 258
421, 202
422, 229
423, 265
424, 300
425, 323
426, 333
427, 333
428, 339
429, 345
430, 345
431, 341
432, 345
433, 352
434, 352
435, 348
436, 349
437, 356
438, 358
439, 361
440, 370
441, 371
442, 374
443, 377
444, 378
445, 378
446, 376
447, 378
448, 371
449, 364
450, 361
451, 355
452, 347
453, 351
454, 347
455, 342
456, 334
457, 325
458, 323
459, 322
460, 315
461, 307
462, 302
463, 301
464, 301
465, 295
466, 297
467, 313
468, 317
469, 315
470, 317
471, 322
472, 325
473, 324
474, 326
475, 325
476, 313
477, 320
478, 320
479, 319
480, 324
481, 318
482, 319
483, 319
484, 316
485, 316
486, 317
487, 321
488, 323
489, 318
490, 320
491, 322
492, 309
493, 309
494, 311
495, 314
496, 312
497, 307
498, 308
499, 303
500, 298
501, 297
502, 297
503, 299
504, 303
505, 305
506, 309
507, 317
508, 321
509, 323
510, 321
511, 319
512, 318
513, 321
514, 324
515, 328
516, 332
517, 333
518, 326
519, 328
520, 332
521, 325
522, 313
523, 313
524, 314
525, 313
526, 311
527, 310
528, 323
529, 319
530, 316
531, 320
532, 324
533, 338
534, 353
535, 395
536, 437
537, 397
538, 309
539, 238
540, 185
541, 210
542, 259
543, 286
544, 310
545, 321
546, 327
547, 328
548, 322
549, 329
550, 337
551, 331
552, 335
553, 335
554, 336
555, 342
556, 347
557, 350
558, 353
559, 349
560, 355
561, 361
562, 364
563, 372
564, 370
565, 373
566, 368
567, 372
568, 370
569, 370
570, 377
571, 374
572, 370
573, 375
574, 377
575, 367
576, 362
577, 352
578, 351
579, 348
580, 331
581, 336
582, 323
583, 317
584, 320
585, 320
586, 318
587, 322
588, 321
589, 315
590, 318
591, 310
592, 306
593, 308
594, 314
595, 317
596, 318
597, 318
598, 319
599, 314
600, 315
601, 312
602, 306
603, 303
604, 304
605, 311
606, 314
607, 314
608, 317
609, 318
610, 318
611, 316
612, 313
613, 310
614, 301
615, 300
616, 302
617, 309
618, 303
619, 294
620, 294
621, 298
622, 294
623, 290
624, 295
625, 295
626, 299
627, 298
628, 299
629, 301
630, 304
631, 304
632, 307
633, 307
634, 306
635, 307
636, 309
637, 306
638, 301
639, 301
640, 297
641, 295
642, 303
643, 306
644, 305
645, 308
646, 303
647, 311
648, 313
649, 306
650, 323
651, 356
652, 400
653, 429
654, 404
655, 315
656, 233
657, 174
658, 204
659, 250
660, 281
661, 309
662, 316
663, 308
664, 316
665, 316
666, 320
667, 326
668, 325
669, 328
670, 327
671, 334
672, 333
673, 336
674, 339
675, 338
676, 344
677, 351
678, 353
679, 352
680, 353
681, 352
682, 360
683, 367
684, 373
685, 373
686, 366
687, 363
688, 368
689, 366
690, 368
691, 365
692, 361
693, 354
694, 351
695, 347
696, 343
697, 331
698, 325
699, 319
700, 312
701, 306
702, 308
703, 302
704, 298
705, 294
706, 301
707, 300
708, 301
709, 299
710, 299
711, 302
712, 299
713, 301
714, 301
715, 302
716, 307
717, 310
718, 307
719, 306
720, 303
721, 293
722, 293
723, 295
724, 297
725, 295
726, 291
727, 291
728, 292
729, 286
730, 290
731, 291
732, 288
733, 291
734, 289
735, 293
736, 302
737, 303
738, 298
739, 294
740, 294
741, 304
742, 298
743, 295
744, 300
745, 300
746, 296
747, 294
748, 291
749, 292
750, 294
751, 298
752, 300
753, 301
754, 303
755, 297
756, 290
757, 297
758, 290
759, 287
760, 285
761, 283
762, 291
763, 292
764, 290
765, 293
766, 290
767, 297
768, 314
769, 336
770, 378
771, 416
772, 392
773, 295
774, 201
775, 137
776, 158
777, 201
778, 236
779, 248
780, 258
781, 259
782, 260
783, 269
784, 266
785, 267
786, 280
787, 286
788, 288
789, 295
790, 295
791, 301
792, 314
793, 312
794, 314
795, 312
796, 311
797, 317
798, 319
799, 327
800, 328
801, 330
802, 338
803, 342
804, 347
805, 357
806, 351
807, 354
808, 358
809, 354
810, 350
811, 344
812, 341
813, 335
814, 331
815, 321
816, 314
817, 309
818, 304
819, 302
820, 297
821, 296
822, 295
823, 299
824, 302
825, 296
826, 294
827, 296
828, 298
829, 300
830, 304
831, 308
832, 302
833, 302
834, 303
835, 308
836, 309
837, 312
838, 307
839, 310
840, 308
841, 305
842, 300
843, 293
844, 293
845, 294
846, 291
847, 292
848, 283
849, 278
850, 281
851, 283
852, 287
853, 291
854, 287
855, 291
856, 295
857, 294
858, 292
859, 299
860, 303
861, 299
862, 300
863, 303
864, 304
865, 294
866, 297
867, 303
868, 309
869, 318
870, 319
871, 316
872, 317
873, 318
874, 315
875, 307
876, 301
877, 304
878, 305
879, 301
880, 307
881, 308
882, 303
883, 303
884, 306
885, 314
886, 325
887, 353
888, 394
889, 430
890, 409
891, 317
892, 227
893, 171
894, 194
895, 242
896, 281
897, 297
898, 313
899, 321
900, 326
901, 335
902, 335
903, 339
904, 344
905, 349
906, 351
907, 348
908, 350
909, 356
910, 351
911, 350
912, 354
913, 352
914, 352
915, 347
916, 351
917, 358
918, 355
919, 357
920, 362
921, 365
922, 366
923, 364
924, 360
925, 357
926, 350
927, 349
928, 342
929, 336
930, 334
931, 323
932, 314
933, 313
934, 308
935, 305
936, 302
937, 301
938, 305
939, 300
940, 300
941, 308
942, 304
943, 303
944, 300
945, 296
946, 301
947, 301
948, 298
949, 298
950, 299
951, 296
952, 291
953, 290
954, 291
955, 292
956, 289
957, 290
958, 287
959, 283
960, 281
961, 284
962, 289
963, 290
964, 285
965, 285
966, 281
967, 283
968, 283
969, 280
970, 285
971, 288
972, 297
973, 300
974, 296
975, 299
976, 301
977, 303
978, 306
979, 308
980, 312
981, 313
982, 310
983, 305
984, 312
985, 315
986, 318
987, 318
988, 320
989, 325
990, 327
991, 331
992, 329
993, 327
994, 321
995, 324
996, 323
997, 326
998, 322
999, 320
1000, 318
1001, 325
1002, 325
1003, 320
1004, 321
1005, 323
1006, 348
1007, 385
1008, 430
1009, 447
1010, 384
1011, 280
1012, 201
1013, 195
1014, 238
1015, 285
1016, 309
1017, 321
1018, 333
1019, 333
1020, 342
1021, 348
1022, 344
1023, 354
1024, 359
1025, 359
1026, 364
1027, 368
1028, 369
1029, 371
1030, 367
1031, 369
1032, 371
1033, 375
1034, 380
1035, 378
1036, 377
1037, 379
1038, 382
1039, 381
1040, 378
1041, 376
1042, 379
1043, 379
1044, 376
1045, 379
1046, 372
1047, 366
1048, 367
1049, 360
1050, 353
1051, 346
1052, 337
1053, 325
1054, 318
1055, 323
1056, 320
1057, 323
1058, 325
1059, 325
1060, 325
1061, 324
1062, 326
1063, 330
1064, 323
1065, 321
1066, 318
1067, 315
1068, 319
1069, 323
1070, 316
1071, 309
1072, 313
1073, 312
1074, 315
1075, 312
1076, 311
1077, 306
1078, 310
1079, 313
1080, 309
1081, 304
1082, 300
1083, 301
1084, 307
1085, 311
1086, 313
1087, 319
1088, 318
1089, 319
1090, 320
1091, 320
1092, 326
1093, 327
1094, 330
1095, 333
1096, 331
1097, 329
1098, 331
1099, 327
1100, 329
1101, 327
1102, 324
1103, 335
1104, 338
1105, 334
1106, 334
1107, 333
1108, 331
1109, 332
1110, 338
1111, 346
1112, 337
1113, 331
1114, 336
1115, 334
1116, 335
1117, 338
1118, 339
1119, 341
1120, 338
1121, 337
1122, 339
1123, 348
1124, 350
1125, 361
1126, 388
1127, 441
1128, 480
1129, 436
1130, 342
1131, 254
1132, 209
1133, 248
1134, 290
1135, 320
1136, 343
1137, 363
1138, 367
1139, 367
1140, 364
1141, 362
1142, 370
1143, 376
1144, 378
1145, 378
1146, 380
1147, 379
1148, 370
1149, 375
1150, 378
1151, 375
1152, 372
1153, 372
1154, 380
1155, 385
1156, 388
1157, 387
1158, 394
1159, 395
1160, 392
1161, 388
1162, 382
1163, 374
1164, 372
1165, 367
1166, 359
1167, 351
1168, 341
1169, 334
1170, 330
1171, 321
1172, 316
1173, 308
1174, 303
1175, 302
1176, 294
1177, 289
1178, 289
1179, 284
1180, 292
1181, 292
1182, 289
1183, 293
1184, 296
1185, 297
1186, 305
1187, 300
1188, 300
1189, 299
1190, 301
1191, 304
1192, 303
1193, 300
1194, 297
1195, 290
1196, 298
1197, 295
1198, 292
1199, 301
1200, 306
1201, 299
1202, 297
