time,heartValue
0, 53759
1, 488
2, 507
3, 550
4, 563
5, 516
6, 442
7, 361
8, 312
9, 350
10, 393
11, 417
12, 430
13, 511
14, 484
15, 481
16, 480
17, 479
18, 476
19, 466
20, 461
21, 464
22, 453
23, 455
24, 452
25, 444
26, 455
27, 459
28, 464
29, 465
30, 465
31, 457
32, 456
33, 463
34, 472
35, 463
36, 470
37, 474
38, 480
39, 476
40, 461
41, 465
42, 485
43, 488
44, 507
45, 550
46, 563
47, 516
48, 442
49, 361
50, 312
51, 350
52, 393
53, 417
54, 430
55, 443
56, 442
57, 442
58, 451
59, 458
60, 459
61, 460
62, 463
63, 469
64, 464
65, 466
66, 469
67, 479
68, 481
69, 487
70, 491
71, 487
72, 491
73, 490
74, 484
75, 489
76, 490
77, 490
78, 486
79, 472
80, 468
81, 470
82, 463
83, 460
84, 455
85, 444
86, 444
87, 438
88, 433
89, 425
90, 414
91, 416
92, 421
93, 412
94, 403
95, 398
96, 399
97, 403
98, 393
99, 395
100, 395
101, 398
102, 408
103, 404
104, 400
105, 400
106, 395
107, 397
108, 398
109, 393
110, 395
111, 393
112, 389
113, 382
114, 387
115, 395
116, 386
117, 387
118, 400
119, 399
120, 388
121, 388
122, 387
123, 391
124, 391
125, 390
126, 395
127, 381
128, 383
129, 385
130, 378
131, 380
132, 381
133, 379
134, 383
135, 385
136, 381
137, 377
138, 371
139, 373
140, 370
141, 369
142, 370
143, 369
144, 370
145, 374
146, 359
147, 359
148, 364
149, 375
150, 398
151, 422
152, 452
153, 445
154, 374
155, 299
156, 232
157, 225
158, 271
159, 306
160, 326
161, 332
162, 333
163, 330
164, 328
165, 326
166, 335
167, 335
168, 334
169, 340
170, 342
171, 345
172, 352
173, 347
174, 346
175, 342
176, 345
177, 354
178, 354
179, 368
180, 365
181, 359
182, 356
183, 367
184, 362
185, 359
186, 359
187, 358
188, 351
189, 354
190, 351
191, 345
192, 339
193, 333
194, 336
195, 330
196, 327
197, 302
198, 297
199, 298
200, 304
201, 307
202, 298
203, 302
204, 304
205, 304
206, 310
207, 303
208, 305
209, 315
210, 318
211, 317
212, 309
213, 310
214, 317
215, 302
216, 300
217, 304
218, 306
219, 308
220, 307
221, 301
222, 302
223, 303
224, 309
225, 311
226, 309
227, 311
228, 307
229, 313
230, 313
231, 308
232, 309
233, 310
234, 311
235, 311
236, 312
237, 313
238, 317
239, 309
240, 313
241, 316
242, 312
243, 319
244, 320
245, 325
246, 314
247, 320
248, 316
249, 321
250, 326
251, 330
252, 327
253, 327
254, 330
255, 334
256, 355
257, 375
258, 393
259, 423
260, 396
261, 309
262, 239
263, 185
264, 213
265, 254
266, 298
267, 310
268, 319
269, 329
270, 338
271, 339
272, 347
273, 356
274, 359
275, 363
276, 361
277, 356
278, 358
279, 356
280, 372
281, 377
282, 370
283, 373
284, 373
285, 375
286, 378
287, 380
288, 384
289, 386
290, 389
291, 395
292, 388
293, 385
294, 388
295, 383
296, 385
297, 383
298, 376
299, 378
300, 373
301, 360
302, 349
303, 340
304, 344
305, 346
306, 342
307, 339
308, 340
309, 340
310, 347
311, 339
312, 338
313, 339
314, 350
315, 344
316, 339
317, 342
318, 346
319, 348
320, 352
321, 350
322, 342
323, 353
324, 355
325, 353
326, 345
327, 338
328, 352
329, 357
330, 351
331, 352
332, 350
333, 351
334, 352
335, 352
336, 355
337, 353
338, 355
339, 360
340, 360
341, 357
342, 357
343, 351
344, 343
345, 343
346, 342
347, 350
348, 354
349, 363
350, 360
351, 359
352, 366
353, 371
354, 380
355, 369
356, 358
357, 359
358, 361
359, 358
360, 357
361, 361
362, 360
363, 360
364, 357
365, 359
366, 371
367, 382
368, 397
369, 422
370, 452
371, 433
372, 364
373, 292
374, 239
375, 236
376, 287
377, 327
378, 343
379, 363
380, 373
381, 365
382, 369
383, 373
384, 383
385, 391
386, 386
387, 386
388, 390
389, 386
390, 380
391, 376
392, 380
393, 387
394, 385
395, 386
396, 387
397, 390
398, 394
399, 398
400, 404
401, 404
402, 400
403, 406
404, 402
405, 397
406, 396
407, 392
408, 390
409, 385
410, 379
411, 381
412, 373
413, 365
414, 362
415, 359
416, 354
417, 348
418, 345
419, 346
420, 341
421, 344
422, 344
423, 344
424, 353
425, 359
426, 351
427, 354
428, 355
429, 346
430, 344
431, 336
432, 339
433, 337
434, 335
435, 340
436, 340
437, 340
438, 338
439, 336
440, 342
441, 338
442, 345
443, 343
444, 340
445, 330
446, 331
447, 330
448, 335
449, 338
450, 336
451, 328
452, 322
453, 324
454, 326
455, 317
456, 315
457, 316
458, 325
459, 335
460, 324
461, 322
462, 336
463, 345
464, 336
465, 333
466, 335
467, 339
468, 337
469, 337
470, 335
471, 333
472, 333
473, 334
474, 341
475, 345
476, 344
477, 343
478, 354
479, 371
480, 395
481, 429
482, 439
483, 385
484, 307
485, 251
486, 223
487, 253
488, 303
489, 334
490, 351
491, 359
492, 369
493, 366
494, 361
495, 361
496, 363
497, 362
498, 363
499, 368
500, 364
501, 363
502, 364
503, 364
504, 366
505, 366
506, 369
507, 369
508, 367
509, 377
510, 374
511, 375
512, 382
513, 381
514, 372
515, 378
516, 383
517, 379
518, 377
519, 374
520, 372
521, 371
522, 369
523, 365
524, 357
525, 353
526, 361
527, 349
528, 336
529, 337
530, 340
531, 341
532, 337
533, 338
534, 343
535, 344
536, 342
537, 344
538, 341
539, 345
540, 329
541, 326
542, 334
543, 330
544, 333
545, 336
546, 338
547, 336
548, 331
549, 328
550, 331
551, 334
552, 345
553, 337
554, 340
555, 343
556, 336
557, 329
558, 335
559, 330
560, 333
561, 341
562, 337
563, 333
564, 333
565, 333
566, 328
567, 329
568, 325
569, 327
570, 325
571, 323
572, 329
573, 328
574, 327
575, 328
576, 330
577, 326
578, 332
579, 333
580, 322
581, 324
582, 327
583, 318
584, 326
585, 324
586, 325
587, 326
588, 327
589, 324
590, 326
591, 328
592, 344
593, 368
594, 392
595, 424
596, 377
597, 298
598, 235
599, 173
600, 194
601, 258
602, 289
603, 306
604, 314
605, 312
606, 313
607, 318
608, 321
609, 327
610, 329
611, 334
612, 333
613, 339
614, 337
615, 335
616, 336
617, 328
618, 324
619, 330
620, 333
621, 332
622, 341
623, 342
624, 340
625, 343
626, 350
627, 347
628, 343
629, 355
630, 364
631, 362
632, 368
633, 367
634, 371
635, 368
636, 358
637, 343
638, 334
639, 327
640, 326
641, 323
642, 319
643, 317
644, 307
645, 313
646, 323
647, 318
648, 317
649, 309
650, 312
651, 315
652, 310
653, 320
654, 322
655, 326
656, 329
657, 331
658, 340
659, 328
660, 328
661, 343
662, 340
663, 336
664, 340
665, 343
666, 341
667, 343
668, 335
669, 332
670, 332
671, 334
672, 336
673, 336
674, 336
675, 326
676, 328
677, 335
678, 330
679, 327
680, 325
681, 323
682, 322
683, 318
684, 310
685, 321
686, 315
687, 315
688, 317
689, 310
690, 310
691, 308
692, 305
693, 302
694, 299
695, 300
696, 295
697, 289
698, 293
699, 296
700, 303
701, 316
702, 321
703, 338
704, 377
705, 389
706, 341
707, 265
708, 201
709, 176
710, 224
711, 272
712, 301
713, 309
714, 328
715, 337
716, 341
717, 340
718, 344
719, 349
720, 354
721, 352
722, 349
723, 351
724, 354
725, 356
726, 359
727, 368
728, 366
729, 364
730, 371
731, 384
732, 378
733, 381
734, 383
735, 387
736, 390
737, 385
738, 390
739, 386
740, 386
741, 381
742, 374
743, 377
744, 380
745, 371
746, 366
747, 364
748, 362
749, 366
750, 362
751, 355
752, 353
753, 348
754, 350
755, 348
756, 345
757, 345
758, 340
759, 344
760, 351
761, 348
762, 351
763, 353
764, 347
765, 345
766, 348
767, 359
768, 345
769, 336
770, 337
771, 336
772, 341
773, 345
774, 342
775, 350
776, 357
777, 350
778, 352
779, 363
780, 372
781, 394
782, 420
783, 460
784, 490
785, 501
786, 515
787, 514
788, 504
789, 506
790, 491
791, 490
792, 500
793, 503
794, 504
795, 510
796, 520
797, 510
798, 507
799, 514
800, 514
801, 503
802, 515
803, 519
804, 512
805, 507
806, 504
807, 502
808, 500
809, 500
810, 504
811, 505
812, 500
813, 506
814, 522
815, 525
816, 469
817, 372
818, 292
819, 243
820, 258
821, 296
822, 318
823, 331
824, 330
825, 324
826, 321
827, 314
828, 322
829, 316
830, 306
831, 309
832, 309
833, 304
834, 309
835, 299
836, 302
837, 305
838, 301
839, 303
840, 309
841, 309
842, 311
843, 315
844, 310
845, 319
846, 317
847, 313
848, 316
849, 320
850, 323
851, 328
852, 324
853, 316
854, 318
855, 311
856, 307
857, 298
858, 297
859, 282
860, 276
861, 281
862, 282
863, 283
864, 288
865, 285
866, 286
867, 287
868, 284
869, 287
870, 290
871, 292
872, 279
873, 284
874, 287
875, 292
876, 283
877, 276
878, 276
879, 272
880, 267
881, 258
882, 268
883, 269
884, 273
885, 274
886, 272
887, 271
888, 272
889, 265
890, 271
891, 271
892, 267
893, 278
894, 270
895, 267
896, 269
897, 272
898, 275
899, 274
900, 274
901, 278
902, 275
903, 273
904, 275
905, 276
906, 281
907, 280
908, 280
909, 288
910, 284
911, 287
912, 296
913, 292
914, 285
915, 279
916, 281
917, 284
918, 285
919, 286
920, 292
921, 295
922, 299
923, 303
924, 296
925, 291
926, 313
927, 334
928, 360
929, 375
930, 343
931, 265
932, 193
933, 153
934, 183
935, 233
936, 275
937, 295
938, 308
939, 314
940, 313
941, 321
942, 322
943, 332
944, 337
945, 339
946, 340
947, 341
948, 349
949, 343
950, 346
951, 354
952, 354
953, 357
954, 361
955, 358
956, 356
957, 358
958, 360
959, 363
960, 363
961, 365
962, 363
963, 353
964, 353
965, 362
966, 365
967, 364
968, 361
969, 357
970, 356
971, 359
972, 347
973, 333
974, 331
975, 331
976, 340
977, 332
978, 331
979, 329
980, 331
981, 338
982, 338
983, 341
984, 336
985, 334
986, 337
987, 334
988, 334
989, 333
990, 333
991, 326
992, 324
993, 315
994, 322
995, 320
996, 320
997, 322
998, 325
999, 332
1000, 334
1001, 322
1002, 319
1003, 326
1004, 320
1005, 317
1006, 321
1007, 319
1008, 316
1009, 317
1010, 321
1011, 321
1012, 309
1013, 307
1014, 310
1015, 315
1016, 317
1017, 309
1018, 309
1019, 312
1020, 320
1021, 326
1022, 331
1023, 340
1024, 345
1025, 339
1026, 342
1027, 341
1028, 333
1029, 340
1030, 345
1031, 342
1032, 343
1033, 344
1034, 343
1035, 347
1036, 343
1037, 343
1038, 350
1039, 358
1040, 389
1041, 419
1042, 447
1043, 409
1044, 331
1045, 264
1046, 207
1047, 235
1048, 294
1049, 320
1050, 339
1051, 352
1052, 356
1053, 360
1054, 356
1055, 362
1056, 357
1057, 362
1058, 364
1059, 373
1060, 374
1061, 375
1062, 369
1063, 367
1064, 369
1065, 370
1066, 370
1067, 369
1068, 374
1069, 367
1070, 362
1071, 375
1072, 379
1073, 373
1074, 374
1075, 371
1076, 366
1077, 371
1078, 368
1079, 367
1080, 362
1081, 361
1082, 364
1083, 352
1084, 339
1085, 338
1086, 333
1087, 328
1088, 320
1089, 312
1090, 324
1091, 321
1092, 312
1093, 314
1094, 316
1095, 319
1096, 312
1097, 310
1098, 315
1099, 306
1100, 303
1101, 301
1102, 300
1103, 305
1104, 308
1105, 308
1106, 315
1107, 319
1108, 317
1109, 320
1110, 317
1111, 318
1112, 320
1113, 325
1114, 326
1115, 328
1116, 327
1117, 316
1118, 309
1119, 310
1120, 307
1121, 307
1122, 308
1123, 310
1124, 310
1125, 314
1126, 312
1127, 311
1128, 320
1129, 324
1130, 327
1131, 325
1132, 328
1133, 335
1134, 331
1135, 334
1136, 344
1137, 342
1138, 347
1139, 342
1140, 339
1141, 336
1142, 332
1143, 332
1144, 329
1145, 329
1146, 335
1147, 337
1148, 337
1149, 335
1150, 336
1151, 338
1152, 354
1153, 371
1154, 397
1155, 431
1156, 415
1157, 340
1158, 264
1159, 201
1160, 210
1161, 256
1162, 292
1163, 316
1164, 332
1165, 336
1166, 336
1167, 342
1168, 348
1169, 351
1170, 351
1171, 349
1172, 353
