time,heartValue
0, 341
1, 337
2, 339
3, 335
4, 336
5, 333
6, 331
7, 336
8, 334
9, 332
10, 335
11, 328
12, 328
13, 327
14, 329
15, 337
16, 341
17, 342
18, 350
19, 352
20, 354
21, 355
22, 352
23, 356
24, 511
25, 322
26, 325
27, 324
28, 325
29, 323
30, 324
31, 323
32, 319
33, 320
34, 325
35, 315
36, 322
37, 327
38, 327
39, 328
40, 329
41, 335
42, 341
43, 337
44, 339
45, 335
46, 336
47, 333
48, 331
49, 336
50, 334
51, 332
52, 335
53, 328
54, 328
55, 327
56, 329
57, 337
58, 341
59, 342
60, 350
61, 352
62, 354
63, 355
64, 352
65, 356
66, 257
67, 352
68, 354
69, 355
70, 361
71, 365
72, 365
73, 360
74, 356
75, 372
76, 390
77, 418
78, 453
79, 449
80, 380
81, 310
82, 245
83, 228
84, 268
85, 307
86, 325
87, 337
88, 347
89, 354
90, 357
91, 356
92, 357
93, 362
94, 362
95, 374
96, 376
97, 366
98, 367
99, 376
100, 378
101, 378
102, 377
103, 376
104, 377
105, 376
106, 374
107, 385
108, 377
109, 380
110, 389
111, 387
112, 388
113, 381
114, 381
115, 382
116, 385
117, 388
118, 381
119, 371
120, 369
121, 364
122, 359
123, 358
124, 355
125, 352
126, 345
127, 332
128, 337
129, 342
130, 344
131, 343
132, 341
133, 344
134, 345
135, 350
136, 356
137, 359
138, 359
139, 364
140, 362
141, 361
142, 364
143, 360
144, 362
145, 367
146, 367
147, 372
148, 368
149, 371
150, 377
151, 370
152, 370
153, 363
154, 364
155, 369
156, 366
157, 366
158, 369
159, 366
160, 369
161, 368
162, 364
163, 362
164, 362
165, 364
166, 362
167, 365
168, 362
169, 360
170, 364
171, 370
172, 370
173, 379
174, 382
175, 382
176, 386
177, 389
178, 384
179, 391
180, 386
181, 390
182, 396
183, 400
184, 396
185, 389
186, 391
187, 401
188, 400
189, 404
190, 400
191, 396
192, 391
193, 380
194, 377
195, 376
196, 375
197, 376
198, 377
199, 374
200, 371
201, 359
202, 358
203, 370
204, 382
205, 402
206, 442
207, 465
208, 430
209, 357
210, 290
211, 248
212, 263
213, 308
214, 336
215, 358
216, 369
217, 370
218, 372
219, 376
220, 378
221, 374
222, 373
223, 369
224, 373
225, 374
226, 377
227, 378
228, 373
229, 373
230, 377
231, 379
232, 382
233, 376
234, 373
235, 381
236, 379
237, 398
238, 389
239, 378
240, 386
241, 393
242, 398
243, 394
244, 399
245, 399
246, 397
247, 398
248, 397
249, 392
250, 384
251, 389
252, 384
253, 377
254, 378
255, 377
256, 375
257, 375
258, 377
259, 383
260, 380
261, 377
262, 372
263, 368
264, 367
265, 368
266, 364
267, 358
268, 358
269, 354
270, 355
271, 352
272, 358
273, 360
274, 354
275, 354
276, 353
277, 359
278, 347
279, 349
280, 348
281, 344
282, 345
283, 349
284, 344
285, 345
286, 347
287, 345
288, 349
289, 352
290, 348
291, 345
292, 344
293, 342
294, 334
295, 332
296, 338
297, 333
298, 328
299, 332
300, 329
301, 330
302, 334
303, 334
304, 330
305, 331
306, 334
307, 336
308, 334
309, 336
310, 338
311, 333
312, 334
313, 339
314, 348
315, 346
316, 347
317, 353
318, 349
319, 351
320, 354
321, 356
322, 346
323, 340
324, 341
325, 348
326, 346
327, 343
328, 346
329, 332
330, 335
331, 338
332, 340
333, 338
334, 337
335, 350
336, 380
337, 415
338, 450
339, 420
340, 339
341, 280
342, 226
343, 239
344, 292
345, 324
346, 340
347, 340
348, 343
349, 349
350, 349
351, 347
352, 346
353, 349
354, 350
355, 349
356, 352
357, 350
358, 359
359, 367
360, 359
361, 349
362, 348
363, 354
364, 350
365, 346
366, 348
367, 351
368, 355
369, 359
370, 357
371, 354
372, 352
373, 353
374, 344
375, 338
376, 341
377, 333
378, 327
379, 320
380, 316
381, 319
382, 311
383, 304
384, 301
385, 299
386, 289
387, 288
388, 288
389, 295
390, 295
391, 283
392, 278
393, 279
394, 285
395, 287
396, 289
397, 290
398, 283
399, 280
400, 281
401, 280
402, 279
403, 281
404, 276
405, 279
406, 275
407, 267
408, 271
409, 270
410, 265
411, 269
412, 270
413, 272
414, 284
415, 287
416, 289
417, 287
418, 288
419, 297
420, 289
421, 277
422, 280
423, 279
424, 281
425, 279
426, 275
427, 277
428, 275
429, 281
430, 282
431, 280
432, 292
433, 298
434, 309
435, 307
436, 304
437, 306
438, 311
439, 311
440, 304
441, 303
442, 305
443, 308
444, 310
445, 313
446, 309
447, 319
448, 318
449, 313
450, 312
451, 308
452, 307
453, 304
454, 298
455, 292
456, 296
457, 300
458, 290
459, 297
460, 300
461, 298
462, 303
463, 314
464, 334
465, 352
466, 389
467, 381
468, 306
469, 230
470, 163
471, 160
472, 211
473, 252
474, 276
475, 289
476, 302
477, 306
478, 302
479, 301
480, 303
481, 302
482, 309
483, 314
484, 315
485, 321
486, 326
487, 319
488, 318
489, 323
490, 332
491, 335
492, 341
493, 345
494, 343
495, 345
496, 348
497, 346
498, 346
499, 344
500, 342
501, 348
502, 348
503, 336
504, 335
505, 335
506, 333
507, 328
508, 325
509, 328
510, 321
511, 313
512, 312
513, 305
514, 302
515, 297
516, 294
517, 290
518, 291
519, 289
520, 295
521, 287
522, 285
523, 287
524, 280
525, 286
526, 283
527, 284
528, 291
529, 292
530, 294
531, 300
532, 291
533, 299
534, 299
535, 302
536, 301
537, 296
538, 303
539, 307
540, 309
541, 311
542, 310
543, 314
544, 314
545, 308
546, 308
547, 300
548, 298
549, 303
550, 302
551, 304
552, 303
553, 304
554, 308
555, 304
556, 297
557, 300
558, 298
559, 298
560, 304
561, 308
562, 304
563, 310
564, 318
565, 319
566, 313
567, 316
568, 319
569, 322
570, 327
571, 327
572, 326
573, 324
574, 323
575, 324
576, 336
577, 327
578, 325
579, 330
580, 328
581, 332
582, 332
583, 336
584, 336
585, 329
586, 343
587, 357
588, 381
589, 412
590, 419
591, 370
592, 304
593, 237
594, 198
595, 238
596, 288
597, 314
598, 334
599, 354
600, 355
601, 360
602, 363
603, 366
604, 363
605, 358
606, 359
607, 368
608, 369
609, 369
610, 370
611, 375
612, 377
613, 376
614, 371
615, 374
616, 370
617, 364
618, 364
619, 361
620, 360
621, 369
622, 359
623, 361
624, 366
625, 368
626, 364
627, 359
628, 362
629, 365
630, 362
631, 361
632, 368
633, 357
634, 350
635, 352
636, 349
637, 348
638, 340
639, 341
640, 343
641, 342
642, 344
643, 350
644, 351
645, 353
646, 349
647, 348
648, 348
649, 343
650, 344
651, 356
652, 344
653, 339
654, 341
655, 344
656, 344
657, 343
658, 348
659, 352
660, 348
661, 353
662, 358
663, 359
664, 357
665, 352
666, 352
667, 357
668, 362
669, 366
670, 365
671, 361
672, 362
673, 360
674, 360
675, 364
676, 370
677, 374
678, 366
679, 367
680, 368
681, 366
682, 368
683, 370
684, 365
685, 370
686, 368
687, 363
688, 366
689, 371
690, 373
691, 374
692, 375
693, 375
694, 379
695, 384
696, 383
697, 378
698, 376
699, 372
700, 376
701, 383
702, 375
703, 374
704, 371
705, 372
706, 372
707, 376
708, 383
709, 398
710, 417
711, 448
712, 479
713, 452
714, 376
715, 307
716, 252
717, 258
718, 297
719, 325
720, 352
721, 369
722, 372
723, 372
724, 378
725, 389
726, 391
727, 396
728, 404
729, 395
730, 395
731, 402
732, 409
733, 415
734, 412
735, 416
736, 425
737, 433
738, 439
739, 445
740, 438
741, 440
742, 440
743, 435
744, 427
745, 424
746, 420
747, 412
748, 406
749, 404
750, 394
751, 391
752, 388
753, 380
754, 379
755, 370
756, 368
757, 361
758, 355
759, 355
760, 359
761, 349
762, 340
763, 340
764, 350
765, 348
766, 343
767, 345
768, 350
769, 347
770, 348
771, 353
772, 353
773, 355
774, 356
775, 357
776, 359
777, 357
778, 363
779, 361
780, 365
781, 372
782, 374
783, 369
784, 371
785, 373
786, 374
787, 371
788, 372
789, 373
790, 372
791, 376
792, 375
793, 369
794, 367
795, 368
796, 371
797, 370
798, 371
799, 381
800, 382
801, 379
802, 386
803, 382
804, 389
805, 396
806, 382
807, 379
808, 381
809, 383
810, 387
811, 394
812, 404
813, 409
814, 402
815, 416
816, 414
817, 412
818, 419
819, 419
820, 415
821, 417
822, 422
823, 413
824, 412
825, 405
826, 397
827, 398
828, 400
829, 391
830, 380
831, 377
832, 378
833, 381
834, 384
835, 380
836, 390
837, 411
838, 440
839, 475
840, 467
841, 397
842, 332
843, 280
844, 261
845, 304
846, 344
847, 364
848, 386
849, 393
850, 404
851, 406
852, 413
853, 417
854, 417
855, 417
856, 418
857, 425
858, 420
859, 412
860, 413
861, 421
862, 423
863, 417
864, 417
865, 423
866, 425
867, 421
868, 425
869, 426
870, 427
871, 432
872, 428
873, 422
874, 423
875, 423
876, 423
877, 425
878, 420
879, 419
880, 413
881, 408
882, 409
883, 392
884, 386
885, 387
886, 382
887, 387
888, 394
889, 387
890, 380
891, 376
892, 376
893, 380
894, 380
895, 384
896, 380
897, 379
898, 383
899, 378
900, 386
901, 389
902, 386
903, 388
904, 383
905, 381
906, 384
907, 384
908, 384
909, 378
910, 372
911, 377
912, 379
913, 377
914, 378
915, 374
916, 368
917, 372
918, 373
919, 370
920, 370
921, 371
922, 374
923, 366
924, 362
925, 367
926, 364
927, 364
928, 366
929, 371
930, 373
931, 370
932, 371
933, 383
934, 377
935, 375
936, 378
937, 380
938, 379
939, 382
940, 383
941, 379
942, 381
943, 387
944, 382
945, 386
946, 393
947, 394
948, 399
949, 404
950, 401
951, 401
952, 401
953, 402
954, 410
955, 418
956, 430
957, 440
958, 454
959, 460
960, 462
961, 475
962, 498
963, 516
964, 544
965, 587
966, 602
967, 554
968, 479
969, 413
970, 386
971, 426
972, 470
973, 493
974, 508
975, 523
976, 518
977, 514
978, 524
979, 526
980, 529
981, 532
982, 532
983, 536
984, 528
985, 524
986, 533
987, 532
988, 518
989, 514
990, 510
991, 512
992, 507
993, 510
994, 510
995, 503
996, 501
997, 499
998, 500
999, 495
1000, 487
1001, 489
1002, 481
1003, 474
1004, 466
1005, 462
1006, 454
1007, 440
1008, 430
1009, 424
1010, 425
1011, 416
1012, 416
1013, 416
1014, 418
1015, 423
1016, 423
1017, 419
1018, 415
1019, 409
1020, 408
1021, 407
1022, 412
1023, 410
1024, 411
1025, 412
1026, 417
1027, 423
1028, 426
1029, 425
1030, 412
1031, 407
1032, 399
1033, 396
1034, 390
1035, 391
1036, 390
1037, 385
1038, 383
1039, 384
1040, 381
1041, 379
1042, 383
1043, 380
1044, 377
1045, 383
1046, 380
1047, 373
1048, 367
1049, 364
1050, 372
1051, 365
1052, 364
1053, 362
1054, 360
1055, 362
1056, 363
1057, 363
1058, 362
1059, 357
1060, 358
1061, 358
1062, 356
1063, 354
1064, 347
1065, 349
1066, 347
1067, 343
1068, 344
1069, 347
1070, 352
1071, 346
1072, 344
1073, 350
1074, 353
1075, 348
1076, 345
1077, 346
1078, 349
1079, 336
1080, 334
1081, 339
1082, 331
1083, 325
1084, 327
1085, 328
1086, 325
1087, 335
1088, 340
1089, 349
1090, 370
1091, 400
1092, 415
1093, 364
1094, 286
1095, 217
1096, 160
1097, 186
1098, 232
1099, 257
1100, 270
1101, 276
1102, 276
1103, 275
1104, 276
1105, 273
1106, 272
1107, 279
1108, 277
1109, 281
1110, 285
1111, 291
1112, 294
1113, 290
1114, 288
1115, 279
1116, 273
1117, 277
1118, 274
1119, 276
1120, 279
1121, 279
1122, 277
1123, 274
1124, 280
1125, 276
1126, 274
1127, 273
1128, 269
1129, 270
1130, 262
1131, 246
1132, 240
1133, 236
1134, 232
1135, 230
1136, 222
1137, 219
1138, 210
1139, 210
1140, 214
1141, 215
1142, 209
1143, 203
1144, 200
1145, 197
1146, 198
1147, 199
1148, 198
1149, 200
1150, 197
1151, 192
1152, 193
1153, 193
1154, 197
1155, 194
1156, 200
1157, 203
1158, 202
1159, 205
1160, 203
1161, 205
1162, 201
1163, 197
1164, 198
1165, 201
1166, 198
1167, 191
1168, 193
1169, 191
1170, 194
1171, 196
1172, 196
1173, 194
1174, 193
1175, 190
1176, 191
1177, 190
1178, 195
1179, 193
1180, 187
1181, 187
1182, 197
1183, 197
