time,heartValue
0, 319
1, 321
2, 322
3, 318
4, 311
5, 303
6, 300
7, 294
8, 293
9, 292
10, 290
11, 282
12, 272
13, 270
14, 270
15, 273
16, 266
17, 259
18, 265
19, 269
20, 261
21, 261
22, 263
23, 264
24, 266
25, 267
26, 265
27, 262
28, 265
29, 265
30, 261
31, 260
32, 260
33, 263
34, 269
35, 511
36, 340
37, 335
38, 332
39, 335
40, 332
41, 335
42, 319
43, 321
44, 322
45, 318
46, 311
47, 303
48, 300
49, 294
50, 293
51, 292
52, 290
53, 282
54, 272
55, 270
56, 270
57, 273
58, 266
59, 259
60, 265
61, 269
62, 261
63, 261
64, 263
65, 264
66, 266
67, 267
68, 265
69, 262
70, 265
71, 265
72, 261
73, 260
74, 260
75, 263
76, 269
77, 257
78, 267
79, 267
80, 267
81, 271
82, 271
83, 260
84, 256
85, 254
86, 261
87, 264
88, 259
89, 249
90, 254
91, 266
92, 251
93, 254
94, 260
95, 253
96, 258
97, 263
98, 264
99, 267
100, 273
101, 281
102, 282
103, 290
104, 305
105, 298
106, 305
107, 303
108, 297
109, 300
110, 294
111, 291
112, 295
113, 297
114, 294
115, 296
116, 290
117, 292
118, 287
119, 285
120, 298
121, 317
122, 350
123, 395
124, 398
125, 329
126, 248
127, 183
128, 173
129, 212
130, 248
131, 278
132, 301
133, 306
134, 302
135, 309
136, 318
137, 325
138, 326
139, 321
140, 325
141, 331
142, 336
143, 332
144, 330
145, 329
146, 334
147, 343
148, 339
149, 343
150, 351
151, 358
152, 354
153, 355
154, 357
155, 359
156, 362
157, 364
158, 364
159, 363
160, 359
161, 356
162, 354
163, 348
164, 343
165, 336
166, 334
167, 322
168, 317
169, 315
170, 319
171, 316
172, 308
173, 313
174, 311
175, 312
176, 318
177, 317
178, 316
179, 312
180, 315
181, 318
182, 322
183, 317
184, 320
185, 324
186, 309
187, 307
188, 308
189, 309
190, 310
191, 302
192, 299
193, 304
194, 301
195, 302
196, 304
197, 305
198, 303
199, 300
200, 298
201, 291
202, 297
203, 297
204, 294
205, 298
206, 303
207, 297
208, 296
209, 290
210, 300
211, 295
212, 285
213, 289
214, 297
215, 300
216, 300
217, 297
218, 300
219, 309
220, 308
221, 307
222, 306
223, 299
224, 302
225, 305
226, 307
227, 312
228, 308
229, 301
230, 298
231, 296
232, 303
233, 303
234, 296
235, 313
236, 343
237, 382
238, 416
239, 397
240, 310
241, 227
242, 171
243, 192
244, 233
245, 269
246, 294
247, 310
248, 319
249, 320
250, 322
251, 327
252, 331
253, 333
254, 331
255, 330
256, 330
257, 333
258, 336
259, 336
260, 335
261, 340
262, 344
263, 343
264, 349
265, 354
266, 355
267, 359
268, 357
269, 359
270, 360
271, 368
272, 361
273, 355
274, 357
275, 353
276, 344
277, 333
278, 328
279, 326
280, 327
281, 316
282, 312
283, 310
284, 301
285, 303
286, 299
287, 297
288, 296
289, 293
290, 298
291, 308
292, 302
293, 309
294, 313
295, 307
296, 308
297, 316
298, 310
299, 307
300, 312
301, 311
302, 309
303, 309
304, 314
305, 310
306, 306
307, 309
308, 310
309, 305
310, 305
311, 307
312, 307
313, 303
314, 307
315, 307
316, 298
317, 298
318, 304
319, 304
320, 301
321, 307
322, 310
323, 308
324, 308
325, 312
326, 307
327, 307
328, 311
329, 307
330, 313
331, 319
332, 316
333, 318
334, 318
335, 315
336, 315
337, 314
338, 314
339, 316
340, 317
341, 318
342, 318
343, 320
344, 323
345, 320
346, 322
347, 328
348, 347
349, 382
350, 413
351, 430
352, 383
353, 304
354, 238
355, 187
356, 217
357, 262
358, 297
359, 314
360, 328
361, 342
362, 344
363, 341
364, 344
365, 350
366, 354
367, 353
368, 355
369, 352
370, 359
371, 359
372, 355
373, 355
374, 357
375, 366
376, 369
377, 368
378, 374
379, 378
380, 377
381, 381
382, 379
383, 379
384, 371
385, 367
386, 374
387, 371
388, 366
389, 369
390, 361
391, 351
392, 354
393, 348
394, 340
395, 340
396, 337
397, 335
398, 334
399, 330
400, 333
401, 330
402, 326
403, 327
404, 334
405, 334
406, 332
407, 326
408, 328
409, 329
410, 324
411, 332
412, 327
413, 331
414, 328
415, 332
416, 332
417, 327
418, 324
419, 320
420, 318
421, 321
422, 323
423, 316
424, 323
425, 325
426, 327
427, 329
428, 328
429, 330
430, 323
431, 326
432, 331
433, 333
434, 338
435, 339
436, 332
437, 334
438, 335
439, 343
440, 333
441, 333
442, 333
443, 337
444, 336
445, 330
446, 338
447, 340
448, 342
449, 341
450, 350
451, 339
452, 337
453, 340
454, 343
455, 344
456, 345
457, 342
458, 346
459, 346
460, 343
461, 349
462, 348
463, 364
464, 380
465, 410
466, 443
467, 432
468, 363
469, 298
470, 240
471, 232
472, 275
473, 310
474, 332
475, 348
476, 355
477, 361
478, 364
479, 365
480, 378
481, 374
482, 376
483, 383
484, 389
485, 385
486, 383
487, 391
488, 384
489, 379
490, 388
491, 398
492, 394
493, 399
494, 399
495, 398
496, 404
497, 408
498, 413
499, 408
500, 404
501, 403
502, 395
503, 395
504, 400
505, 392
506, 389
507, 385
508, 380
509, 379
510, 372
511, 370
512, 368
513, 362
514, 363
515, 367
516, 361
517, 363
518, 363
519, 369
520, 370
521, 363
522, 365
523, 363
524, 363
525, 361
526, 358
527, 359
528, 360
529, 358
530, 363
531, 361
532, 360
533, 363
534, 351
535, 354
536, 357
537, 361
538, 355
539, 353
540, 354
541, 355
542, 360
543, 358
544, 354
545, 354
546, 355
547, 357
548, 358
549, 357
550, 364
551, 366
552, 364
553, 359
554, 366
555, 366
556, 364
557, 365
558, 360
559, 363
560, 366
561, 365
562, 368
563, 375
564, 374
565, 378
566, 376
567, 373
568, 374
569, 373
570, 366
571, 360
572, 364
573, 370
574, 357
575, 358
576, 361
577, 358
578, 360
579, 368
580, 376
581, 401
582, 441
583, 475
584, 444
585, 362
586, 288
587, 235
588, 241
589, 287
590, 322
591, 344
592, 357
593, 369
594, 362
595, 364
596, 370
597, 370
598, 369
599, 370
600, 374
601, 377
602, 379
603, 384
604, 393
605, 391
606, 387
607, 390
608, 396
609, 401
610, 400
611, 403
612, 397
613, 402
614, 405
615, 401
616, 401
617, 400
618, 400
619, 399
620, 391
621, 388
622, 384
623, 379
624, 374
625, 369
626, 370
627, 364
628, 361
629, 358
630, 352
631, 346
632, 346
633, 347
634, 345
635, 344
636, 343
637, 344
638, 344
639, 345
640, 347
641, 345
642, 351
643, 353
644, 354
645, 353
646, 351
647, 351
648, 355
649, 352
650, 349
651, 344
652, 340
653, 344
654, 353
655, 349
656, 347
657, 352
658, 356
659, 354
660, 344
661, 341
662, 339
663, 339
664, 342
665, 342
666, 337
667, 335
668, 338
669, 340
670, 338
671, 337
672, 339
673, 335
674, 339
675, 344
676, 342
677, 349
678, 347
679, 347
680, 340
681, 337
682, 342
683, 346
684, 344
685, 354
686, 355
687, 360
688, 361
689, 356
690, 353
691, 349
692, 352
693, 350
694, 345
695, 345
696, 345
697, 347
698, 347
699, 347
700, 340
701, 343
702, 356
703, 376
704, 414
705, 448
706, 428
707, 350
708, 273
709, 220
710, 230
711, 273
712, 303
713, 328
714, 348
715, 355
716, 352
717, 355
718, 356
719, 358
720, 355
721, 358
722, 363
723, 360
724, 363
725, 365
726, 364
727, 368
728, 374
729, 377
730, 374
731, 377
732, 381
733, 383
734, 396
735, 390
736, 387
737, 394
738, 399
739, 401
740, 400
741, 393
742, 393
743, 389
744, 377
745, 374
746, 369
747, 358
748, 353
749, 351
750, 351
751, 351
752, 346
753, 344
754, 349
755, 348
756, 349
757, 352
758, 344
759, 348
760, 348
761, 343
762, 344
763, 347
764, 351
765, 352
766, 355
767, 353
768, 349
769, 343
770, 351
771, 356
772, 350
773, 351
774, 350
775, 354
776, 354
777, 356
778, 362
779, 366
780, 354
781, 354
782, 354
783, 353
784, 355
785, 355
786, 356
787, 356
788, 351
789, 349
790, 348
791, 356
792, 358
793, 348
794, 354
795, 357
796, 358
797, 368
798, 367
799, 369
800, 369
801, 368
802, 370
803, 366
804, 362
805, 366
806, 367
807, 368
808, 372
809, 374
810, 376
811, 376
812, 376
813, 388
814, 381
815, 366
816, 363
817, 364
818, 365
819, 362
820, 358
821, 360
822, 363
823, 368
824, 362
825, 370
826, 367
827, 371
828, 389
829, 422
830, 473
831, 476
832, 409
833, 321
834, 252
835, 232
836, 270
837, 312
838, 340
839, 361
840, 372
841, 373
842, 375
843, 373
844, 374
845, 379
846, 383
847, 386
848, 383
849, 380
850, 383
851, 385
852, 390
853, 398
854, 392
855, 389
856, 394
857, 401
858, 402
859, 399
860, 406
861, 405
862, 397
863, 403
864, 404
865, 408
866, 397
867, 392
868, 391
869, 393
870, 384
871, 382
872, 371
873, 361
874, 354
875, 350
876, 346
877, 342
878, 337
879, 339
880, 339
881, 339
882, 337
883, 337
884, 338
885, 335
886, 333
887, 330
888, 330
889, 335
890, 337
891, 326
892, 324
893, 328
894, 329
895, 329
896, 328
897, 328
898, 327
899, 323
900, 325
901, 332
902, 328
903, 327
904, 326
905, 325
906, 325
907, 324
908, 316
909, 319
910, 314
911, 318
912, 318
913, 316
914, 306
915, 303
916, 310
917, 309
918, 305
919, 304
920, 304
921, 307
922, 304
923, 304
924, 312
925, 315
926, 319
927, 308
928, 304
929, 309
930, 317
931, 315
932, 312
933, 316
934, 319
935, 322
936, 319
937, 321
938, 321
939, 318
940, 312
941, 307
942, 306
943, 310
944, 311
945, 307
946, 310
947, 312
948, 317
949, 324
950, 333
951, 364
952, 399
953, 425
954, 403
955, 318
956, 245
957, 180
958, 203
959, 254
960, 284
961, 308
962, 324
963, 339
964, 339
965, 341
966, 343
967, 348
968, 348
969, 349
970, 352
971, 355
972, 345
973, 341
974, 345
975, 349
976, 355
977, 352
978, 353
979, 355
980, 354
981, 362
982, 358
983, 357
984, 366
985, 363
986, 363
987, 362
988, 360
989, 351
990, 351
991, 351
992, 341
993, 337
994, 338
995, 330
996, 330
997, 329
998, 325
999, 318
1000, 312
1001, 318
1002, 318
1003, 314
1004, 313
1005, 313
1006, 311
1007, 313
1008, 316
1009, 314
1010, 317
1011, 316
1012, 315
1013, 318
1014, 316
1015, 321
1016, 320
1017, 311
1018, 309
1019, 306
1020, 309
1021, 312
1022, 314
1023, 311
1024, 313
1025, 314
1026, 314
1027, 318
1028, 309
1029, 308
1030, 311
1031, 313
1032, 311
1033, 312
1034, 314
1035, 313
1036, 314
1037, 315
1038, 312
1039, 315
1040, 311
1041, 313
1042, 310
1043, 314
1044, 316
1045, 312
1046, 313
1047, 321
1048, 317
1049, 315
1050, 315
1051, 314
1052, 322
1053, 326
1054, 326
1055, 329
1056, 320
1057, 312
1058, 310
1059, 316
1060, 312
1061, 303
1062, 301
1063, 307
1064, 301
1065, 302
1066, 303
1067, 302
1068, 305
1069, 320
1070, 341
1071, 377
1072, 407
1073, 388
1074, 310
1075, 234
1076, 176
1077, 190
1078, 238
1079, 275
1080, 294
1081, 311
1082, 323
1083, 327
1084, 332
1085, 329
1086, 332
1087, 337
1088, 336
1089, 336
1090, 334
1091, 342
1092, 344
1093, 340
1094, 346
1095, 349
1096, 344
1097, 343
1098, 345
1099, 347
1100, 347
1101, 353
1102, 359
1103, 353
1104, 355
1105, 356
1106, 360
1107, 364
1108, 356
1109, 348
1110, 348
1111, 347
1112, 339
1113, 333
1114, 329
1115, 323
1116, 321
1117, 321
1118, 311
1119, 309
1120, 303
1121, 300
1122, 299
1123, 301
1124, 304
1125, 301
1126, 306
1127, 306
1128, 307
1129, 304
1130, 304
1131, 302
1132, 298
1133, 302
1134, 302
1135, 309
1136, 310
1137, 310
1138, 306
1139, 310
1140, 308
1141, 300
1142, 295
1143, 295
1144, 298
1145, 297
1146, 295
1147, 296
1148, 297
1149, 295
1150, 293
1151, 298
1152, 301
1153, 294
1154, 294
1155, 294
1156, 298
1157, 297
1158, 302
1159, 303
1160, 301
1161, 305
1162, 304
1163, 304
1164, 299
1165, 297
1166, 302
1167, 297
1168, 292
1169, 302
1170, 311
1171, 315
1172, 317
1173, 309
1174, 306
1175, 307
1176, 303
1177, 303
1178, 306
1179, 309
1180, 311
1181, 311
1182, 313
1183, 313
1184, 318
1185, 322
1186, 340
1187, 360
1188, 389
1189, 424
1190, 406
1191, 331
1192, 251
1193, 192
1194, 207
