time,heartValue
0, 268
1, 269
2, 267
3, 269
4, 270
5, 269
6, 269
7, 267
8, 268
9, 270
10, 269
11, 266
12, 268
13, 269
14, 269
15, 268
16, 268
17, 272
18, 273
19, 273
20, 281
21, 284
22, 285
23, 286
24, 286
25, 281
26, 281
27, 280
28, 281
29, 282
30, 283
31, 284
32, 286
33, 286
34, 287
35, 288
36, 295
37, 308
38, 337
39, 374
40, 404
41, 372
42, 3071
43, 269
44, 267
45, 269
46, 270
47, 269
48, 269
49, 267
50, 268
51, 270
52, 269
53, 266
54, 268
55, 269
56, 269
57, 268
58, 268
59, 272
60, 273
61, 273
62, 281
63, 284
64, 285
65, 286
66, 286
67, 281
68, 281
69, 280
70, 281
71, 282
72, 283
73, 284
74, 286
75, 286
76, 287
77, 288
78, 295
79, 308
80, 337
81, 374
82, 404
83, 372
84, 64000
85, 164
86, 189
87, 235
88, 264
89, 284
90, 297
91, 302
92, 303
93, 305
94, 305
95, 309
96, 311
97, 315
98, 318
99, 317
100, 317
101, 320
102, 320
103, 324
104, 327
105, 326
106, 329
107, 331
108, 334
109, 340
110, 342
111, 344
112, 341
113, 341
114, 344
115, 341
116, 341
117, 338
118, 334
119, 331
120, 326
121, 323
122, 320
123, 315
124, 313
125, 310
126, 304
127, 304
128, 302
129, 302
130, 303
131, 301
132, 302
133, 303
134, 302
135, 302
136, 301
137, 303
138, 306
139, 306
140, 305
141, 307
142, 307
143, 307
144, 309
145, 305
146, 308
147, 305
148, 305
149, 306
150, 303
151, 307
152, 306
153, 308
154, 311
155, 309
156, 307
157, 307
158, 304
159, 306
160, 307
161, 307
162, 309
163, 310
164, 311
165, 311
166, 309
167, 308
168, 304
169, 308
170, 308
171, 306
172, 312
173, 314
174, 313
175, 314
176, 314
177, 310
178, 310
179, 310
180, 312
181, 314
182, 314
183, 315
184, 316
185, 314
186, 317
187, 315
188, 322
189, 337
190, 363
191, 405
192, 437
193, 407
194, 326
195, 250
196, 196
197, 214
198, 257
199, 290
200, 310
201, 323
202, 329
203, 330
204, 335
205, 338
206, 341
207, 344
208, 346
209, 349
210, 348
211, 350
212, 354
213, 358
214, 360
215, 362
216, 365
217, 366
218, 369
219, 372
220, 374
221, 377
222, 376
223, 377
224, 377
225, 373
226, 371
227, 369
228, 367
229, 366
230, 361
231, 358
232, 351
233, 345
234, 342
235, 337
236, 335
237, 332
238, 327
239, 328
240, 327
241, 326
242, 326
243, 322
244, 326
245, 328
246, 327
247, 331
248, 329
249, 329
250, 330
251, 329
252, 330
253, 333
254, 331
255, 332
256, 332
257, 330
258, 332
259, 331
260, 332
261, 330
262, 327
263, 330
264, 330
265, 328
266, 329
267, 328
268, 328
269, 329
270, 329
271, 331
272, 328
273, 330
274, 330
275, 327
276, 329
277, 329
278, 327
279, 327
280, 325
281, 330
282, 326
283, 325
284, 330
285, 335
286, 336
287, 339
288, 338
289, 334
290, 333
291, 331
292, 331
293, 331
294, 331
295, 333
296, 334
297, 335
298, 336
299, 334
300, 344
301, 358
302, 387
303, 431
304, 453
305, 401
306, 314
307, 240
308, 208
309, 245
310, 286
311, 312
312, 331
313, 340
314, 344
315, 344
316, 349
317, 352
318, 354
319, 355
320, 355
321, 358
322, 359
323, 361
324, 364
325, 366
326, 367
327, 368
328, 366
329, 368
330, 370
331, 370
332, 373
333, 372
334, 372
335, 374
336, 371
337, 368
338, 373
339, 370
340, 369
341, 364
342, 359
343, 355
344, 347
345, 343
346, 338
347, 336
348, 335
349, 330
350, 329
351, 327
352, 326
353, 327
354, 326
355, 326
356, 330
357, 330
358, 328
359, 330
360, 328
361, 326
362, 326
363, 327
364, 327
365, 325
366, 325
367, 326
368, 322
369, 323
370, 326
371, 324
372, 327
373, 325
374, 322
375, 324
376, 321
377, 321
378, 321
379, 321
380, 321
381, 321
382, 318
383, 321
384, 324
385, 324
386, 325
387, 322
388, 323
389, 322
390, 321
391, 320
392, 319
393, 322
394, 320
395, 319
396, 325
397, 326
398, 328
399, 332
400, 330
401, 326
402, 328
403, 328
404, 329
405, 329
406, 328
407, 329
408, 329
409, 327
410, 327
411, 330
412, 340
413, 352
414, 379
415, 420
416, 449
417, 415
418, 328
419, 246
420, 204
421, 233
422, 276
423, 307
424, 323
425, 335
426, 338
427, 341
428, 345
429, 347
430, 349
431, 353
432, 353
433, 357
434, 358
435, 359
436, 362
437, 362
438, 361
439, 366
440, 369
441, 369
442, 371
443, 374
444, 376
445, 377
446, 378
447, 382
448, 378
449, 377
450, 379
451, 375
452, 373
453, 371
454, 367
455, 364
456, 357
457, 356
458, 350
459, 344
460, 343
461, 339
462, 337
463, 338
464, 337
465, 335
466, 336
467, 334
468, 336
469, 338
470, 338
471, 341
472, 337
473, 336
474, 338
475, 337
476, 340
477, 340
478, 338
479, 337
480, 335
481, 335
482, 336
483, 330
484, 330
485, 330
486, 329
487, 331
488, 330
489, 330
490, 331
491, 329
492, 329
493, 328
494, 326
495, 327
496, 326
497, 327
498, 329
499, 329
500, 330
501, 329
502, 329
503, 329
504, 329
505, 328
506, 332
507, 336
508, 339
509, 338
510, 336
511, 333
512, 331
513, 333
514, 333
515, 332
516, 332
517, 332
518, 335
519, 336
520, 334
521, 336
522, 342
523, 349
524, 368
525, 398
526, 439
527, 441
528, 363
529, 280
530, 205
531, 196
532, 246
533, 287
534, 315
535, 330
536, 340
537, 345
538, 346
539, 347
540, 350
541, 352
542, 354
543, 357
544, 358
545, 361
546, 363
547, 363
548, 368
549, 368
550, 370
551, 371
552, 373
553, 374
554, 375
555, 376
556, 382
557, 383
558, 385
559, 387
560, 384
561, 382
562, 382
563, 377
564, 374
565, 368
566, 364
567, 360
568, 353
569, 349
570, 344
571, 338
572, 334
573, 331
574, 329
575, 330
576, 327
577, 326
578, 327
579, 331
580, 332
581, 331
582, 333
583, 335
584, 332
585, 334
586, 337
587, 336
588, 339
589, 337
590, 337
591, 338
592, 336
593, 338
594, 337
595, 337
596, 339
597, 334
598, 334
599, 334
600, 334
601, 334
602, 333
603, 334
604, 334
605, 336
606, 335
607, 333
608, 331
609, 331
610, 335
611, 333
612, 334
613, 336
614, 336
615, 337
616, 337
617, 337
618, 333
619, 328
620, 329
621, 329
622, 331
623, 332
624, 329
625, 333
626, 333
627, 330
628, 334
629, 337
630, 348
631, 368
632, 397
633, 433
634, 419
635, 342
636, 271
637, 207
638, 215
639, 260
640, 297
641, 322
642, 334
643, 346
644, 352
645, 351
646, 351
647, 356
648, 360
649, 361
650, 361
651, 362
652, 366
653, 366
654, 367
655, 371
656, 371
657, 372
658, 376
659, 375
660, 377
661, 379
662, 381
663, 383
664, 383
665, 384
666, 382
667, 380
668, 380
669, 376
670, 377
671, 370
672, 365
673, 362
674, 358
675, 351
676, 347
677, 340
678, 338
679, 336
680, 335
681, 336
682, 334
683, 334
684, 335
685, 336
686, 337
687, 336
688, 333
689, 334
690, 336
691, 336
692, 339
693, 338
694, 336
695, 336
696, 334
697, 335
698, 334
699, 332
700, 335
701, 335
702, 335
703, 335
704, 334
705, 334
706, 333
707, 334
708, 334
709, 332
710, 336
711, 336
712, 333
713, 335
714, 335
715, 334
716, 334
717, 333
718, 333
719, 334
720, 333
721, 331
722, 333
723, 335
724, 336
725, 335
726, 336
727, 333
728, 333
729, 337
730, 334
731, 332
732, 334
733, 334
734, 335
735, 336
736, 337
737, 337
738, 342
739, 355
740, 375
741, 403
742, 436
743, 430
744, 360
745, 287
746, 231
747, 215
748, 261
749, 302
750, 326
751, 339
752, 345
753, 350
754, 350
755, 351
756, 352
757, 355
758, 357
759, 359
760, 358
761, 363
762, 363
763, 365
764, 368
765, 369
766, 371
767, 373
768, 375
769, 380
770, 379
771, 379
772, 382
773, 382
774, 386
775, 384
776, 382
777, 382
778, 379
779, 374
780, 373
781, 368
782, 361
783, 356
784, 353
785, 351
786, 345
787, 342
788, 341
789, 339
790, 338
791, 338
792, 336
793, 337
794, 337
795, 341
796, 339
797, 339
798, 339
799, 342
800, 341
801, 343
802, 343
803, 343
804, 347
805, 349
806, 347
807, 348
808, 348
809, 349
810, 348
811, 347
812, 351
813, 354
814, 355
815, 357
816, 354
817, 359
818, 355
819, 358
820, 362
821, 359
822, 363
823, 362
824, 362
825, 364
826, 361
827, 358
828, 358
829, 360
830, 361
831, 360
832, 356
833, 361
834, 363
835, 361
836, 361
837, 361
838, 358
839, 354
840, 354
841, 353
842, 350
843, 348
844, 351
845, 349
846, 347
847, 346
848, 345
849, 354
850, 369
851, 390
852, 424
853, 450
854, 426
855, 353
856, 278
857, 218
858, 227
859, 271
860, 308
861, 331
862, 344
863, 348
864, 351
865, 353
866, 354
867, 354
868, 352
869, 350
870, 355
871, 352
872, 349
873, 353
874, 353
875, 363
876, 361
877, 360
878, 363
879, 364
880, 368
881, 371
882, 374
883, 373
884, 376
885, 375
886, 379
887, 384
888, 378
889, 376
890, 373
891, 370
892, 370
893, 362
894, 358
895, 356
896, 349
897, 346
898, 339
899, 337
900, 336
901, 331
902, 331
903, 332
904, 330
905, 329
906, 328
907, 329
908, 329
909, 327
910, 329
911, 329
912, 330
913, 330
914, 331
915, 329
916, 327
917, 325
918, 326
919, 325
920, 321
921, 321
922, 321
923, 324
924, 322
925, 317
926, 318
927, 319
928, 318
929, 318
930, 318
931, 317
932, 315
933, 312
934, 312
935, 313
936, 313
937, 314
938, 311
939, 311
940, 310
941, 307
942, 311
943, 309
944, 308
945, 313
946, 314
947, 318
948, 325
949, 320
950, 313
951, 313
952, 315
953, 316
954, 313
955, 313
956, 317
957, 317
958, 319
959, 319
960, 316
961, 324
962, 338
963, 361
964, 401
965, 423
966, 382
967, 300
968, 229
969, 184
970, 210
971, 257
972, 287
973, 304
974, 316
975, 316
976, 317
977, 321
978, 324
979, 328
980, 330
981, 329
982, 332
983, 335
984, 332
985, 336
986, 342
987, 347
988, 348
989, 344
990, 350
991, 352
992, 352
993, 355
994, 354
995, 355
996, 355
997, 356
998, 350
999, 346
1000, 344
1001, 345
1002, 345
1003, 343
1004, 339
1005, 334
1006, 326
1007, 322
1008, 319
1009, 317
1010, 311
1011, 307
1012, 307
1013, 305
1014, 307
1015, 308
1016, 308
1017, 310
1018, 310
1019, 311
1020, 315
1021, 315
1022, 316
1023, 317
1024, 315
1025, 317
1026, 320
1027, 320
1028, 320
1029, 319
1030, 318
1031, 315
1032, 315
1033, 314
1034, 311
1035, 308
1036, 306
1037, 305
1038, 303
1039, 304
1040, 303
1041, 306
1042, 303
1043, 306
1044, 306
1045, 304
1046, 303
1047, 303
1048, 305
1049, 306
1050, 305
1051, 306
1052, 305
1053, 305
1054, 311
1055, 310
1056, 314
1057, 315
1058, 314
1059, 320
1060, 324
1061, 324
1062, 327
1063, 323
1064, 319
1065, 321
1066, 317
1067, 319
1068, 320
1069, 317
1070, 316
1071, 313
1072, 313
1073, 314
1074, 315
1075, 324
1076, 342
1077, 375
1078, 417
1079, 419
1080, 355
1081, 273
1082, 200
1083, 195
1084, 242
1085, 276
1086, 299
1087, 315
1088, 323
1089, 327
1090, 326
1091, 333
1092, 336
1093, 335
1094, 340
1095, 337
1096, 337
1097, 343
1098, 341
1099, 343
1100, 344
1101, 343
1102, 346
1103, 346
1104, 347
1105, 349
1106, 349
1107, 351
1108, 353
1109, 355
1110, 355
1111, 357
1112, 359
1113, 357
1114, 353
1115, 352
1116, 351
1117, 347
1118, 345
1119, 339
1120, 337
1121, 333
1122, 330
1123, 328
1124, 324
1125, 318
1126, 320
1127, 318
1128, 315
1129, 315
1130, 313
1131, 315
1132, 315
1133, 315
1134, 316
1135, 320
1136, 321
1137, 320
1138, 318
1139, 319
1140, 319
1141, 317
1142, 320
1143, 319
1144, 318
1145, 321
1146, 320
1147, 320
1148, 319
1149, 319
1150, 319
1151, 317
1152, 316
1153, 319
1154, 319
1155, 318
1156, 317
1157, 313
1158, 315
1159, 318
1160, 319
1161, 319
1162, 313
1163, 313
1164, 314
1165, 312
1166, 312
1167, 312
1168, 314
1169, 314
1170, 309
1171, 315
1172, 320
1173, 319
1174, 323
1175, 321
1176, 317
1177, 317
1178, 315
1179, 316
1180, 319
1181, 317
1182, 320
1183, 321
1184, 320
1185, 321
1186, 321
1187, 327
1188, 342
1189, 366
1190, 407
1191, 440
1192, 411
1193, 326
1194, 247
1195, 192
1196, 217
1197, 262
1198, 297
1199, 316
1200, 328
