time,heartValue
0, 344
1, 346
2, 347
3, 349
4, 352
5, 355
6, 357
7, 354
8, 359
9, 354
10, 350
11, 349
12, 344
13, 338
14, 334
15, 328
16, 325
17, 319
18, 316
19, 312
20, 306
21, 304
22, 303
23, 302
24, 303
25, 301
26, 299
27, 302
28, 300
29, 302
30, 302
31, 303
32, 305
33, 305
34, 308
35, 308
36, 309
37, 307
38, 307
39, 309
40, 306
41, 306
42, 309
43, 306
44, 306
45, 305
46, 301
47, 304
48, 303
49, 303
50, 303
51, 301
52, 303
53, 304
54, 302
55, 303
56, 304
57, 304
58, 306
59, 304
60, 306
61, 306
62, 306
63, 307
64, 306
65, 306
66, 306
67, 306
68, 306
69, 307
70, 306
71, 308
72, 309
73, 312
74, 315
75, 315
76, 316
77, 314
78, 308
79, 307
80, 307
81, 309
82, 309
83, 307
84, 310
85, 308
86, 308
87, 310
88, 309
89, 315
90, 328
91, 346
92, 378
93, 422
94, 419
95, 342
96, 256
97, 186
98, 183
99, 229
100, 268
101, 294
102, 307
103, 321
104, 325
105, 327
106, 333
107, 332
108, 333
109, 337
110, 338
111, 342
112, 343
113, 346
114, 347
115, 346
116, 351
117, 351
118, 352
119, 358
120, 362
121, 365
122, 366
123, 365
124, 369
125, 372
126, 369
127, 371
128, 369
129, 367
130, 368
131, 363
132, 360
133, 353
134, 344
135, 340
136, 336
137, 333
138, 329
139, 323
140, 320
141, 319
142, 315
143, 314
144, 312
145, 314
146, 315
147, 316
148, 318
149, 317
150, 315
151, 319
152, 318
153, 320
154, 320
155, 318
156, 318
157, 319
158, 317
159, 320
160, 319
161, 320
162, 320
163, 321
164, 322
165, 321
166, 321
167, 319
168, 317
169, 319
170, 318
171, 320
172, 319
173, 318
174, 316
175, 317
176, 320
177, 317
178, 318
179, 316
180, 319
181, 317
182, 317
183, 317
184, 317
185, 320
186, 318
187, 317
188, 325
189, 325
190, 325
191, 325
192, 321
193, 317
194, 318
195, 319
196, 321
197, 320
198, 319
199, 322
200, 322
201, 321
202, 322
203, 322
204, 330
205, 344
206, 367
207, 409
208, 437
209, 398
210, 317
211, 239
212, 186
213, 212
214, 254
215, 291
216, 310
217, 325
218, 334
219, 334
220, 338
221, 339
222, 341
223, 345
224, 347
225, 348
226, 350
227, 350
228, 355
229, 357
230, 359
231, 361
232, 361
233, 362
234, 365
235, 367
236, 369
237, 370
238, 372
239, 373
240, 372
241, 372
242, 370
243, 366
244, 365
245, 359
246, 353
247, 351
248, 347
249, 346
250, 338
251, 333
252, 333
253, 328
254, 322
255, 319
256, 319
257, 320
258, 319
259, 317
260, 319
261, 319
262, 318
263, 321
264, 321
265, 323
266, 325
267, 321
268, 323
269, 322
270, 322
271, 324
272, 322
273, 323
274, 322
275, 322
276, 322
277, 320
278, 320
279, 321
280, 319
281, 320
282, 321
283, 319
284, 320
285, 322
286, 321
287, 321
288, 319
289, 322
290, 323
291, 319
292, 320
293, 318
294, 318
295, 317
296, 315
297, 314
298, 314
299, 312
300, 317
301, 316
302, 318
303, 322
304, 323
305, 326
306, 327
307, 324
308, 323
309, 321
310, 320
311, 320
312, 319
313, 326
314, 326
315, 322
316, 323
317, 324
318, 327
319, 335
320, 347
321, 374
322, 416
323, 444
324, 404
325, 321
326, 248
327, 199
328, 224
329, 268
330, 299
331, 319
332, 332
333, 335
334, 335
335, 340
336, 341
337, 343
338, 347
339, 347
340, 351
341, 351
342, 353
343, 356
344, 356
345, 359
346, 359
347, 362
348, 367
349, 367
350, 368
351, 371
352, 372
353, 373
354, 374
355, 375
356, 372
357, 369
358, 368
359, 365
360, 362
361, 359
362, 354
363, 349
364, 346
365, 342
366, 338
367, 335
368, 330
369, 326
370, 326
371, 325
372, 325
373, 326
374, 324
375, 325
376, 326
377, 326
378, 327
379, 327
380, 330
381, 330
382, 330
383, 329
384, 328
385, 329
386, 328
387, 328
388, 328
389, 325
390, 326
391, 327
392, 325
393, 326
394, 326
395, 324
396, 326
397, 326
398, 324
399, 325
400, 326
401, 327
402, 326
403, 328
404, 328
405, 328
406, 328
407, 328
408, 327
409, 329
410, 329
411, 325
412, 326
413, 322
414, 322
415, 326
416, 322
417, 325
418, 331
419, 335
420, 336
421, 337
422, 334
423, 329
424, 329
425, 329
426, 330
427, 328
428, 329
429, 331
430, 329
431, 331
432, 330
433, 331
434, 336
435, 350
436, 379
437, 421
438, 454
439, 429
440, 344
441, 265
442, 206
443, 222
444, 269
445, 301
446, 321
447, 334
448, 337
449, 341
450, 343
451, 343
452, 348
453, 350
454, 351
455, 353
456, 353
457, 356
458, 355
459, 357
460, 359
461, 360
462, 362
463, 365
464, 367
465, 370
466, 369
467, 371
468, 375
469, 376
470, 378
471, 378
472, 373
473, 371
474, 368
475, 363
476, 362
477, 358
478, 352
479, 346
480, 343
481, 339
482, 333
483, 330
484, 328
485, 325
486, 324
487, 325
488, 322
489, 320
490, 321
491, 320
492, 323
493, 322
494, 324
495, 322
496, 321
497, 322
498, 322
499, 322
500, 325
501, 321
502, 322
503, 322
504, 323
505, 323
506, 324
507, 322
508, 322
509, 320
510, 319
511, 321
512, 319
513, 318
514, 317
515, 318
516, 320
517, 319
518, 317
519, 320
520, 321
521, 321
522, 317
523, 314
524, 317
525, 318
526, 316
527, 314
528, 310
529, 312
530, 315
531, 314
532, 318
533, 320
534, 326
535, 328
536, 327
537, 325
538, 318
539, 318
540, 322
541, 321
542, 322
543, 322
544, 325
545, 325
546, 323
547, 321
548, 325
549, 331
550, 344
551, 369
552, 408
553, 443
554, 417
555, 335
556, 258
557, 193
558, 213
559, 256
560, 289
561, 311
562, 325
563, 333
564, 334
565, 334
566, 337
567, 340
568, 338
569, 346
570, 350
571, 336
572, 342
573, 346
574, 354
575, 355
576, 354
577, 360
578, 360
579, 360
580, 363
581, 367
582, 371
583, 372
584, 371
585, 373
586, 375
587, 373
588, 372
589, 367
590, 365
591, 361
592, 352
593, 349
594, 343
595, 337
596, 334
597, 329
598, 323
599, 320
600, 315
601, 314
602, 314
603, 310
604, 308
605, 306
606, 305
607, 306
608, 299
609, 298
610, 296
611, 293
612, 293
613, 290
614, 289
615, 292
616, 293
617, 294
618, 294
619, 293
620, 295
621, 292
622, 295
623, 297
624, 296
625, 299
626, 296
627, 297
628, 299
629, 297
630, 298
631, 299
632, 301
633, 301
634, 299
635, 296
636, 297
637, 296
638, 299
639, 299
640, 294
641, 303
642, 307
643, 307
644, 309
645, 309
646, 304
647, 304
648, 306
649, 310
650, 310
651, 310
652, 315
653, 315
654, 317
655, 319
656, 318
657, 320
658, 330
659, 344
660, 369
661, 403
662, 434
663, 400
664, 324
665, 258
666, 199
667, 218
668, 261
669, 293
670, 314
671, 330
672, 334
673, 337
674, 336
675, 338
676, 340
677, 342
678, 345
679, 347
680, 346
681, 350
682, 352
683, 355
684, 359
685, 359
686, 361
687, 364
688, 366
689, 370
690, 375
691, 378
692, 379
693, 378
694, 382
695, 381
696, 378
697, 375
698, 370
699, 365
700, 362
701, 359
702, 352
703, 348
704, 343
705, 340
706, 336
707, 331
708, 328
709, 328
710, 327
711, 325
712, 323
713, 325
714, 325
715, 326
716, 327
717, 326
718, 328
719, 327
720, 329
721, 333
722, 331
723, 329
724, 332
725, 330
726, 330
727, 331
728, 328
729, 329
730, 329
731, 330
732, 332
733, 335
734, 337
735, 333
736, 330
737, 333
738, 334
739, 335
740, 335
741, 333
742, 335
743, 336
744, 331
745, 330
746, 332
747, 333
748, 334
749, 331
750, 329
751, 330
752, 332
753, 333
754, 330
755, 332
756, 326
757, 324
758, 326
759, 328
760, 325
761, 327
762, 327
763, 326
764, 325
765, 324
766, 327
767, 333
768, 342
769, 361
770, 394
771, 431
772, 439
773, 381
774, 311
775, 247
776, 220
777, 254
778, 290
779, 313
780, 330
781, 336
782, 340
783, 341
784, 343
785, 346
786, 346
787, 348
788, 351
789, 348
790, 353
791, 352
792, 351
793, 352
794, 352
795, 356
796, 360
797, 361
798, 363
799, 366
800, 368
801, 371
802, 373
803, 375
804, 373
805, 374
806, 380
807, 370
808, 367
809, 364
810, 353
811, 362
812, 348
813, 332
814, 346
815, 332
816, 325
817, 320
818, 312
819, 300
820, 312
821, 307
822, 307
823, 311
824, 311
825, 314
826, 308
827, 318
828, 320
829, 312
830, 314
831, 313
832, 316
833, 321
834, 324
835, 319
836, 331
837, 333
838, 338
839, 340
840, 341
841, 346
842, 348
843, 350
844, 355
845, 358
846, 356
847, 360
848, 364
849, 371
850, 360
851, 362
852, 365
853, 365
854, 366
855, 364
856, 361
857, 364
858, 361
859, 357
860, 356
861, 354
862, 355
863, 352
864, 350
865, 355
866, 352
867, 350
868, 353
869, 353
870, 353
871, 351
872, 344
873, 339
874, 335
875, 333
876, 334
877, 332
878, 330
879, 327
880, 325
881, 324
882, 322
883, 324
884, 331
885, 345
886, 373
887, 406
888, 427
889, 388
890, 314
891, 250
892, 200
893, 223
894, 264
895, 290
896, 310
897, 323
898, 327
899, 331
900, 333
901, 334
902, 338
903, 340
904, 340
905, 344
906, 345
907, 349
908, 352
909, 353
910, 353
911, 353
912, 352
913, 355
914, 358
915, 362
916, 366
917, 364
918, 365
919, 364
920, 366
921, 365
922, 361
923, 359
924, 354
925, 348
926, 346
927, 342
928, 338
929, 333
930, 327
931, 323
932, 321
933, 318
934, 314
935, 314
936, 314
937, 314
938, 313
939, 315
940, 317
941, 315
942, 318
943, 317
944, 317
945, 319
946, 318
947, 319
948, 318
949, 318
950, 318
951, 316
952, 316
953, 316
954, 316
955, 314
956, 312
957, 310
958, 310
959, 311
960, 310
961, 312
962, 310
963, 309
964, 310
965, 309
966, 311
967, 310
968, 310
969, 313
970, 312
971, 316
972, 313
973, 310
974, 311
975, 312
976, 313
977, 317
978, 313
979, 313
980, 313
981, 310
982, 310
983, 310
984, 312
985, 319
986, 317
987, 318
988, 323
989, 323
990, 323
991, 323
992, 318
993, 315
994, 312
995, 313
996, 315
997, 316
998, 315
999, 315
1000, 316
1001, 319
1002, 318
1003, 316
1004, 322
1005, 331
1006, 358
1007, 395
1008, 431
1009, 418
1010, 342
1011, 265
1012, 202
1013, 208
1014, 253
1015, 287
1016, 309
1017, 324
1018, 330
1019, 335
1020, 338
1021, 337
1022, 343
1023, 344
1024, 347
1025, 348
1026, 347
1027, 350
1028, 351
1029, 351
1030, 354
1031, 355
1032, 357
1033, 359
1034, 360
1035, 362
1036, 364
1037, 366
1038, 371
1039, 370
1040, 372
1041, 375
1042, 373
1043, 370
1044, 367
1045, 361
1046, 359
1047, 354
1048, 349
1049, 349
1050, 342
1051, 337
1052, 334
1053, 330
1054, 328
1055, 325
1056, 323
1057, 323
1058, 323
1059, 324
1060, 325
1061, 325
1062, 324
1063, 323
1064, 322
1065, 324
1066, 326
1067, 330
1068, 328
1069, 328
1070, 329
1071, 328
1072, 328
1073, 329
1074, 328
1075, 330
1076, 327
1077, 326
1078, 330
1079, 329
1080, 326
1081, 328
1082, 326
1083, 327
1084, 330
1085, 329
1086, 330
1087, 330
1088, 333
1089, 333
1090, 330
1091, 335
1092, 334
1093, 334
1094, 336
1095, 334
1096, 334
1097, 338
1098, 338
1099, 337
1100, 337
1101, 338
1102, 339
1103, 342
1104, 341
1105, 342
1106, 343
1107, 347
1108, 348
1109, 347
1110, 351
1111, 353
1112, 355
1113, 357
1114, 357
1115, 355
1116, 348
1117, 345
1118, 348
1119, 346
1120, 344
1121, 349
1122, 350
1123, 351
1124, 350
1125, 351
1126, 351
1127, 356
1128, 367
1129, 389
1130, 425
1131, 474
1132, 477
1133, 404
1134, 322
1135, 244
1136, 237
1137, 277
1138, 314
1139, 341
1140, 357
1141, 369
1142, 375
1143, 376
1144, 379
1145, 381
1146, 384
1147, 387
1148, 390
1149, 392
1150, 395
1151, 396
