time,heartValue
0, 257
1, 364
2, 367
3, 369
4, 373
5, 374
6, 376
7, 379
8, 377
9, 377
10, 373
11, 370
12, 367
13, 362
14, 356
15, 350
16, 343
17, 341
18, 337
19, 334
20, 332
21, 328
22, 326
23, 325
24, 326
25, 325
26, 327
27, 325
28, 324
29, 324
30, 322
31, 322
32, 323
33, 325
34, 325
35, 325
36, 257
37, 326
38, 329
39, 328
40, 329
41, 327
42, 324
43, 325
44, 321
45, 321
46, 323
47, 321
48, 322
49, 322
50, 321
51, 322
52, 322
53, 323
54, 322
55, 320
56, 323
57, 325
58, 325
59, 324
60, 322
61, 322
62, 323
63, 320
64, 321
65, 321
66, 322
67, 320
68, 319
69, 321
70, 322
71, 319
72, 319
73, 323
74, 324
75, 328
76, 332
77, 330
78, 326
79, 324
80, 324
81, 324
82, 323
83, 322
84, 324
85, 325
86, 325
87, 323
88, 326
89, 330
90, 340
91, 363
92, 401
93, 442
94, 439
95, 368
96, 286
97, 216
98, 211
99, 251
100, 287
101, 312
102, 330
103, 334
104, 337
105, 339
106, 341
107, 345
108, 345
109, 347
110, 352
111, 351
112, 352
113, 355
114, 355
115, 356
116, 359
117, 361
118, 364
119, 363
120, 367
121, 371
122, 371
123, 375
124, 374
125, 374
126, 374
127, 369
128, 370
129, 368
130, 364
131, 361
132, 354
133, 349
134, 346
135, 339
136, 336
137, 331
138, 328
139, 325
140, 322
141, 322
142, 318
143, 316
144, 319
145, 318
146, 318
147, 317
148, 316
149, 317
150, 317
151, 319
152, 323
153, 322
154, 319
155, 320
156, 319
157, 319
158, 322
159, 322
160, 323
161, 324
162, 321
163, 324
164, 321
165, 318
166, 320
167, 318
168, 320
169, 318
170, 318
171, 319
172, 320
173, 320
174, 321
175, 321
176, 323
177, 323
178, 319
179, 319
180, 320
181, 321
182, 323
183, 320
184, 321
185, 320
186, 319
187, 319
188, 320
189, 321
190, 324
191, 326
192, 330
193, 329
194, 327
195, 327
196, 323
197, 323
198, 324
199, 321
200, 322
201, 323
202, 322
203, 324
204, 324
205, 322
206, 324
207, 326
208, 337
209, 355
210, 387
211, 434
212, 439
213, 371
214, 289
215, 213
216, 200
217, 243
218, 284
219, 309
220, 320
221, 330
222, 336
223, 339
224, 341
225, 344
226, 344
227, 345
228, 347
229, 350
230, 355
231, 352
232, 356
233, 359
234, 359
235, 363
236, 365
237, 366
238, 367
239, 370
240, 373
241, 375
242, 376
243, 376
244, 376
245, 375
246, 373
247, 368
248, 369
249, 362
250, 357
251, 353
252, 348
253, 346
254, 339
255, 334
256, 333
257, 329
258, 324
259, 326
260, 323
261, 324
262, 326
263, 326
264, 328
265, 326
266, 326
267, 328
268, 327
269, 326
270, 328
271, 326
272, 327
273, 328
274, 327
275, 327
276, 324
277, 325
278, 329
279, 328
280, 327
281, 326
282, 326
283, 328
284, 324
285, 326
286, 325
287, 322
288, 324
289, 324
290, 321
291, 322
292, 320
293, 321
294, 323
295, 323
296, 323
297, 321
298, 322
299, 322
300, 321
301, 322
302, 323
303, 319
304, 321
305, 327
306, 329
307, 327
308, 327
309, 324
310, 321
311, 320
312, 321
313, 321
314, 319
315, 319
316, 318
317, 320
318, 322
319, 318
320, 321
321, 326
322, 339
323, 366
324, 402
325, 438
326, 411
327, 330
328, 257
329, 196
330, 216
331, 258
332, 290
333, 312
334, 327
335, 332
336, 336
337, 337
338, 342
339, 345
340, 346
341, 347
342, 350
343, 349
344, 352
345, 353
346, 354
347, 357
348, 359
349, 363
350, 363
351, 366
352, 370
353, 373
354, 374
355, 376
356, 376
357, 379
358, 378
359, 374
360, 374
361, 371
362, 364
363, 360
364, 356
365, 351
366, 346
367, 339
368, 336
369, 331
370, 328
371, 327
372, 325
373, 323
374, 323
375, 323
376, 323
377, 323
378, 324
379, 325
380, 323
381, 324
382, 325
383, 326
384, 329
385, 328
386, 326
387, 326
388, 327
389, 328
390, 327
391, 327
392, 329
393, 328
394, 329
395, 330
396, 327
397, 325
398, 325
399, 325
400, 324
401, 322
402, 322
403, 323
404, 322
405, 324
406, 320
407, 320
408, 324
409, 322
410, 325
411, 328
412, 325
413, 326
414, 328
415, 328
416, 327
417, 329
418, 330
419, 332
420, 337
421, 337
422, 338
423, 338
424, 339
425, 333
426, 333
427, 337
428, 334
429, 338
430, 336
431, 332
432, 335
433, 333
434, 333
435, 335
436, 339
437, 352
438, 378
439, 413
440, 445
441, 414
442, 340
443, 269
444, 207
445, 221
446, 264
447, 297
448, 318
449, 331
450, 335
451, 340
452, 340
453, 342
454, 345
455, 347
456, 350
457, 352
458, 353
459, 354
460, 353
461, 355
462, 355
463, 357
464, 360
465, 362
466, 365
467, 369
468, 369
469, 372
470, 374
471, 373
472, 373
473, 373
474, 373
475, 372
476, 369
477, 364
478, 359
479, 353
480, 351
481, 344
482, 339
483, 335
484, 331
485, 328
486, 325
487, 323
488, 321
489, 318
490, 320
491, 322
492, 319
493, 321
494, 320
495, 320
496, 322
497, 321
498, 322
499, 323
500, 321
501, 323
502, 323
503, 323
504, 324
505, 324
506, 326
507, 329
508, 326
509, 326
510, 324
511, 323
512, 324
513, 322
514, 322
515, 322
516, 320
517, 323
518, 321
519, 322
520, 324
521, 324
522, 324
523, 326
524, 324
525, 325
526, 323
527, 322
528, 323
529, 323
530, 322
531, 322
532, 320
533, 322
534, 320
535, 322
536, 324
537, 321
538, 327
539, 333
540, 333
541, 336
542, 336
543, 331
544, 333
545, 333
546, 331
547, 330
548, 330
549, 334
550, 333
551, 332
552, 332
553, 330
554, 338
555, 355
556, 377
557, 415
558, 451
559, 432
560, 359
561, 284
562, 225
563, 229
564, 268
565, 301
566, 321
567, 336
568, 342
569, 343
570, 346
571, 350
572, 350
573, 353
574, 354
575, 357
576, 361
577, 359
578, 363
579, 365
580, 363
581, 365
582, 365
583, 368
584, 372
585, 371
586, 374
587, 376
588, 375
589, 379
590, 379
591, 374
592, 374
593, 372
594, 372
595, 367
596, 362
597, 361
598, 353
599, 351
600, 345
601, 340
602, 336
603, 338
604, 330
605, 328
606, 328
607, 328
608, 325
609, 323
610, 325
611, 326
612, 326
613, 328
614, 326
615, 326
616, 326
617, 325
618, 324
619, 327
620, 326
621, 326
622, 327
623, 328
624, 330
625, 328
626, 328
627, 329
628, 328
629, 328
630, 326
631, 325
632, 326
633, 324
634, 322
635, 323
636, 321
637, 325
638, 326
639, 322
640, 324
641, 322
642, 323
643, 326
644, 326
645, 325
646, 324
647, 323
648, 322
649, 321
650, 324
651, 325
652, 321
653, 321
654, 319
655, 323
656, 323
657, 326
658, 331
659, 333
660, 331
661, 331
662, 327
663, 323
664, 326
665, 324
666, 325
667, 325
668, 326
669, 330
670, 329
671, 326
672, 329
673, 329
674, 336
675, 352
676, 378
677, 417
678, 443
679, 406
680, 327
681, 253
682, 201
683, 223
684, 264
685, 297
686, 312
687, 325
688, 331
689, 333
690, 335
691, 339
692, 339
693, 342
694, 342
695, 346
696, 348
697, 346
698, 347
699, 349
700, 350
701, 349
702, 352
703, 353
704, 357
705, 361
706, 362
707, 365
708, 365
709, 369
710, 371
711, 370
712, 367
713, 365
714, 362
715, 357
716, 352
717, 352
718, 349
719, 343
720, 337
721, 333
722, 330
723, 327
724, 323
725, 324
726, 321
727, 320
728, 323
729, 323
730, 324
731, 326
732, 324
733, 324
734, 321
735, 323
736, 327
737, 326
738, 325
739, 325
740, 324
741, 326
742, 325
743, 325
744, 324
745, 322
746, 324
747, 323
748, 324
749, 323
750, 321
751, 321
752, 324
753, 321
754, 320
755, 322
756, 322
757, 323
758, 323
759, 326
760, 326
761, 324
762, 323
763, 322
764, 321
765, 321
766, 319
767, 318
768, 318
769, 317
770, 320
771, 320
772, 319
773, 318
774, 321
775, 319
776, 318
777, 322
778, 325
779, 324
780, 326
781, 325
782, 321
783, 320
784, 319
785, 318
786, 320
787, 320
788, 318
789, 319
790, 320
791, 320
792, 322
793, 326
794, 338
795, 360
796, 396
797, 434
798, 423
799, 355
800, 276
801, 211
802, 206
803, 249
804, 286
805, 307
806, 321
807, 328
808, 332
809, 331
810, 337
811, 339
812, 341
813, 342
814, 344
815, 347
816, 350
817, 350
818, 350
819, 352
820, 354
821, 359
822, 360
823, 362
824, 367
825, 368
826, 371
827, 374
828, 376
829, 377
830, 374
831, 373
832, 371
833, 366
834, 366
835, 364
836, 358
837, 354
838, 346
839, 344
840, 342
841, 336
842, 334
843, 331
844, 328
845, 329
846, 326
847, 325
848, 326
849, 323
850, 325
851, 323
852, 322
853, 323
854, 321
855, 322
856, 325
857, 324
858, 322
859, 322
860, 322
861, 321
862, 319
863, 318
864, 318
865, 315
866, 319
867, 317
868, 315
869, 316
870, 315
871, 316
872, 315
873, 315
874, 318
875, 318
876, 320
877, 322
878, 318
879, 320
880, 320
881, 318
882, 319
883, 321
884, 320
885, 320
886, 318
887, 322
888, 325
889, 326
890, 329
891, 328
892, 326
893, 327
894, 330
895, 333
896, 336
897, 339
898, 345
899, 351
900, 351
901, 352
902, 346
903, 344
904, 343
905, 343
906, 342
907, 345
908, 339
909, 339
910, 339
911, 339
912, 343
913, 342
914, 346
915, 358
916, 382
917, 427
918, 464
919, 448
920, 365
921, 274
922, 206
923, 219
924, 264
925, 305
926, 330
927, 348
928, 355
929, 359
930, 363
931, 365
932, 369
933, 374
934, 378
935, 375
936, 379
937, 380
938, 381
939, 383
940, 386
941, 388
942, 391
943, 388
944, 389
945, 393
946, 397
947, 400
948, 400
949, 403
950, 404
951, 405
952, 405
953, 405
954, 406
955, 402
956, 399
957, 391
958, 387
959, 382
960, 378
961, 374
962, 372
963, 368
964, 365
965, 361
966, 356
967, 355
968, 354
969, 349
970, 350
971, 349
972, 350
973, 344
974, 341
975, 342
976, 344
977, 341
978, 339
979, 337
980, 340
981, 338
982, 336
983, 339
984, 341
985, 340
986, 343
987, 344
988, 345
989, 346
990, 346
991, 346
992, 349
993, 346
994, 346
995, 347
996, 344
997, 347
998, 342
999, 343
1000, 342
1001, 341
1002, 343
1003, 340
1004, 337
1005, 337
1006, 333
1007, 339
1008, 334
1009, 331
1010, 333
1011, 332
1012, 333
1013, 334
1014, 334
1015, 330
1016, 327
1017, 326
1018, 331
1019, 331
1020, 333
1021, 336
1022, 335
1023, 334
1024, 335
1025, 335
1026, 338
1027, 350
1028, 376
1029, 416
1030, 462
1031, 455
1032, 371
1033, 277
1034, 207
1035, 207
1036, 247
1037, 286
1038, 306
1039, 324
1040, 332
1041, 330
1042, 332
1043, 333
1044, 335
1045, 339
1046, 341
1047, 342
1048, 343
1049, 343
1050, 348
1051, 348
1052, 351
1053, 353
1054, 356
1055, 361
1056, 365
1057, 373
1058, 373
1059, 373
1060, 372
1061, 379
1062, 381
1063, 378
1064, 377
1065, 377
1066, 380
1067, 377
1068, 372
1069, 370
1070, 364
1071, 361
1072, 355
1073, 350
1074, 345
1075, 341
1076, 341
1077, 345
1078, 342
1079, 342
1080, 342
1081, 342
1082, 346
1083, 346
1084, 348
1085, 349
1086, 349
1087, 349
1088, 349
1089, 351
1090, 352
1091, 352
1092, 353
1093, 352
1094, 352
1095, 355
1096, 355
1097, 355
1098, 354
1099, 356
1100, 356
1101, 357
1102, 356
1103, 357
1104, 361
1105, 362
1106, 360
1107, 363
1108, 367
1109, 370
1110, 373
1111, 377
1112, 376
1113, 377
1114, 382
1115, 385
1116, 384
1117, 382
1118, 383
1119, 389
1120, 390
1121, 389
1122, 394
1123, 396
1124, 401
1125, 404
1126, 407
1127, 399
1128, 396
1129, 397
1130, 400
1131, 400
1132, 396
1133, 401
1134, 400
1135, 402
1136, 404
1137, 403
1138, 407
1139, 418
1140, 441
1141, 482
1142, 533
1143, 543
1144, 477
1145, 382
1146, 305
1147, 289
1148, 330
1149, 372
1150, 399
1151, 417
1152, 423
1153, 427
