time,heartValue
0, 337
1, 336
2, 336
3, 329
4, 326
5, 325
6, 325
7, 323
8, 321
9, 320
10, 319
11, 320
12, 322
13, 323
14, 328
15, 326
16, 326
17, 331
18, 334
19, 339
20, 343
21, 337
22, 341
23, 345
24, 344
25, 343
26, 347
27, 347
28, 348
29, 346
30, 345
31, 344
32, 511
33, 335
34, 333
35, 338
36, 339
37, 337
38, 340
39, 339
40, 340
41, 341
42, 337
43, 336
44, 336
45, 329
46, 326
47, 325
48, 325
49, 323
50, 321
51, 320
52, 319
53, 320
54, 322
55, 323
56, 328
57, 326
58, 326
59, 331
60, 334
61, 339
62, 343
63, 337
64, 341
65, 345
66, 344
67, 343
68, 347
69, 347
70, 348
71, 346
72, 345
73, 344
74, 257
75, 345
76, 344
77, 346
78, 344
79, 344
80, 341
81, 341
82, 345
83, 344
84, 343
85, 345
86, 343
87, 343
88, 343
89, 341
90, 343
91, 346
92, 347
93, 349
94, 345
95, 342
96, 341
97, 344
98, 344
99, 344
100, 344
101, 348
102, 349
103, 348
104, 349
105, 349
106, 362
107, 377
108, 404
109, 437
110, 460
111, 428
112, 351
113, 278
114, 233
115, 249
116, 292
117, 320
118, 338
119, 348
120, 353
121, 353
122, 353
123, 353
124, 355
125, 357
126, 356
127, 356
128, 362
129, 360
130, 361
131, 355
132, 361
133, 357
134, 356
135, 361
136, 360
137, 346
138, 355
139, 371
140, 364
141, 351
142, 362
143, 360
144, 367
145, 356
146, 352
147, 349
148, 349
149, 348
150, 339
151, 333
152, 331
153, 334
154, 323
155, 319
156, 328
157, 318
158, 320
159, 320
160, 324
161, 320
162, 319
163, 317
164, 321
165, 321
166, 319
167, 317
168, 320
169, 319
170, 322
171, 322
172, 313
173, 313
174, 330
175, 322
176, 309
177, 319
178, 314
179, 319
180, 321
181, 317
182, 314
183, 317
184, 306
185, 317
186, 321
187, 314
188, 307
189, 322
190, 321
191, 315
192, 312
193, 312
194, 309
195, 310
196, 315
197, 310
198, 310
199, 314
200, 309
201, 312
202, 320
203, 315
204, 315
205, 320
206, 312
207, 308
208, 310
209, 309
210, 312
211, 312
212, 312
213, 312
214, 309
215, 308
216, 308
217, 307
218, 318
219, 335
220, 363
221, 402
222, 415
223, 363
224, 281
225, 208
226, 173
227, 211
228, 256
229, 287
230, 304
231, 315
232, 320
233, 321
234, 325
235, 326
236, 331
237, 337
238, 337
239, 340
240, 342
241, 345
242, 349
243, 352
244, 356
245, 360
246, 362
247, 369
248, 373
249, 373
250, 376
251, 381
252, 383
253, 385
254, 384
255, 385
256, 384
257, 386
258, 385
259, 381
260, 381
261, 380
262, 375
263, 373
264, 373
265, 369
266, 369
267, 365
268, 359
269, 372
270, 367
271, 373
272, 373
273, 376
274, 385
275, 386
276, 388
277, 392
278, 394
279, 396
280, 397
281, 399
282, 396
283, 394
284, 398
285, 398
286, 394
287, 396
288, 400
289, 398
290, 396
291, 397
292, 392
293, 395
294, 389
295, 384
296, 389
297, 387
298, 383
299, 392
300, 392
301, 389
302, 390
303, 388
304, 387
305, 387
306, 385
307, 376
308, 374
309, 372
310, 367
311, 363
312, 358
313, 349
314, 347
315, 341
316, 339
317, 334
318, 329
319, 329
320, 324
321, 320
322, 315
323, 311
324, 311
325, 304
326, 303
327, 303
328, 301
329, 305
330, 308
331, 306
332, 303
333, 304
334, 316
335, 331
336, 347
337, 374
338, 417
339, 424
340, 360
341, 283
342, 207
343, 187
344, 225
345, 268
346, 292
347, 315
348, 322
349, 321
350, 317
351, 327
352, 326
353, 323
354, 326
355, 326
356, 332
357, 334
358, 334
359, 329
360, 331
361, 335
362, 340
363, 338
364, 336
365, 345
366, 355
367, 353
368, 345
369, 343
370, 346
371, 346
372, 341
373, 339
374, 340
375, 343
376, 341
377, 328
378, 323
379, 325
380, 319
381, 322
382, 311
383, 305
384, 299
385, 293
386, 296
387, 289
388, 296
389, 293
390, 281
391, 295
392, 305
393, 303
394, 308
395, 308
396, 303
397, 302
398, 302
399, 295
400, 314
401, 306
402, 303
403, 289
404, 293
405, 289
406, 294
407, 289
408, 291
409, 283
410, 284
411, 284
412, 277
413, 283
414, 276
415, 279
416, 286
417, 284
418, 282
419, 278
420, 282
421, 286
422, 281
423, 283
424, 282
425, 288
426, 291
427, 283
428, 289
429, 288
430, 297
431, 287
432, 288
433, 291
434, 307
435, 304
436, 303
437, 301
438, 304
439, 307
440, 307
441, 310
442, 304
443, 305
444, 311
445, 305
446, 308
447, 305
448, 310
449, 313
450, 309
451, 311
452, 312
453, 319
454, 336
455, 361
456, 409
457, 423
458, 375
459, 279
460, 214
461, 184
462, 221
463, 267
464, 301
465, 315
466, 329
467, 335
468, 328
469, 331
470, 340
471, 354
472, 347
473, 343
474, 347
475, 352
476, 352
477, 361
478, 363
479, 360
480, 359
481, 366
482, 370
483, 370
484, 372
485, 373
486, 371
487, 380
488, 377
489, 372
490, 379
491, 373
492, 373
493, 377
494, 372
495, 367
496, 365
497, 365
498, 364
499, 359
500, 354
501, 348
502, 346
503, 340
504, 341
505, 342
506, 337
507, 342
508, 340
509, 342
510, 343
511, 339
512, 334
513, 348
514, 346
515, 340
516, 337
517, 334
518, 340
519, 344
520, 339
521, 337
522, 338
523, 336
524, 337
525, 341
526, 340
527, 339
528, 336
529, 343
530, 342
531, 340
532, 349
533, 345
534, 343
535, 341
536, 342
537, 343
538, 341
539, 338
540, 339
541, 335
542, 333
543, 334
544, 332
545, 333
546, 338
547, 333
548, 328
549, 330
550, 328
551, 332
552, 336
553, 336
554, 339
555, 347
556, 349
557, 347
558, 348
559, 345
560, 342
561, 342
562, 343
563, 342
564, 345
565, 343
566, 341
567, 343
568, 344
569, 344
570, 350
571, 358
572, 379
573, 412
574, 453
575, 452
576, 376
577, 283
578, 216
579, 225
580, 271
581, 314
582, 340
583, 358
584, 367
585, 367
586, 377
587, 380
588, 386
589, 389
590, 395
591, 396
592, 399
593, 401
594, 404
595, 404
596, 408
597, 413
598, 410
599, 409
600, 410
601, 410
602, 409
603, 405
604, 404
605, 401
606, 402
607, 398
608, 392
609, 392
610, 392
611, 383
612, 381
613, 380
614, 373
615, 367
616, 364
617, 359
618, 353
619, 346
620, 340
621, 336
622, 332
623, 331
624, 328
625, 326
626, 325
627, 322
628, 321
629, 320
630, 314
631, 311
632, 305
633, 305
634, 304
635, 299
636, 294
637, 293
638, 291
639, 290
640, 288
641, 289
642, 286
643, 283
644, 286
645, 286
646, 282
647, 281
648, 282
649, 282
650, 282
651, 281
652, 286
653, 289
654, 292
655, 293
656, 292
657, 295
658, 296
659, 289
660, 293
661, 293
662, 290
663, 290
664, 290
665, 289
666, 289
667, 284
668, 280
669, 277
670, 273
671, 275
672, 268
673, 274
674, 281
675, 280
676, 279
677, 280
678, 279
679, 277
680, 277
681, 273
682, 272
683, 270
684, 274
685, 279
686, 276
687, 277
688, 277
689, 283
690, 292
691, 308
692, 345
693, 391
694, 407
695, 348
696, 250
697, 171
698, 153
699, 198
700, 245
701, 278
702, 296
703, 309
704, 310
705, 315
706, 319
707, 322
708, 326
709, 327
710, 330
711, 339
712, 345
713, 346
714, 348
715, 351
716, 354
717, 357
718, 364
719, 363
720, 364
721, 369
722, 375
723, 379
724, 382
725, 389
726, 384
727, 385
728, 382
729, 385
730, 385
731, 382
732, 378
733, 374
734, 368
735, 365
736, 362
737, 356
738, 355
739, 351
740, 346
741, 341
742, 338
743, 338
744, 336
745, 338
746, 342
747, 338
748, 338
749, 337
750, 336
751, 339
752, 335
753, 333
754, 330
755, 329
756, 329
757, 327
758, 322
759, 320
760, 317
761, 320
762, 319
763, 314
764, 314
765, 312
766, 313
767, 313
768, 313
769, 313
770, 312
771, 317
772, 323
773, 320
774, 320
775, 323
776, 322
777, 322
778, 325
779, 329
780, 329
781, 326
782, 330
783, 329
784, 324
785, 322
786, 323
787, 321
788, 323
789, 323
790, 321
791, 328
792, 327
793, 328
794, 328
795, 324
796, 322
797, 321
798, 319
799, 319
800, 317
801, 317
802, 315
803, 312
804, 311
805, 311
806, 314
807, 317
808, 332
809, 365
810, 404
811, 404
812, 339
813, 243
814, 171
815, 161
816, 205
817, 246
818, 272
819, 291
820, 300
821, 296
822, 300
823, 297
824, 295
825, 304
826, 315
827, 308
828, 307
829, 317
830, 317
831, 316
832, 321
833, 325
834, 333
835, 338
836, 343
837, 341
838, 343
839, 352
840, 352
841, 353
842, 352
843, 347
844, 350
845, 349
846, 344
847, 348
848, 346
849, 345
850, 343
851, 339
852, 334
853, 334
854, 331
855, 327
856, 319
857, 320
858, 320
859, 319
860, 324
861, 325
862, 324
863, 324
864, 323
865, 323
866, 328
867, 325
868, 327
869, 328
870, 325
871, 326
872, 326
873, 324
874, 326
875, 324
876, 328
877, 325
878, 323
879, 324
880, 326
881, 325
882, 328
883, 326
884, 329
885, 328
886, 330
887, 331
888, 332
889, 332
890, 331
891, 333
892, 337
893, 333
894, 334
895, 337
896, 338
897, 342
898, 342
899, 342
900, 345
901, 344
902, 343
903, 347
904, 350
905, 351
906, 355
907, 360
908, 363
909, 365
910, 367
911, 364
912, 363
913, 364
914, 366
915, 363
916, 366
917, 365
918, 365
919, 366
920, 365
921, 365
922, 371
923, 383
924, 414
925, 458
926, 487
927, 452
928, 354
929, 269
930, 222
931, 254
932, 305
933, 338
934, 355
935, 366
936, 365
937, 369
938, 370
939, 371
940, 375
941, 373
942, 372
943, 375
944, 375
945, 376
946, 378
947, 378
948, 380
949, 381
950, 383
951, 384
952, 384
953, 390
954, 392
955, 393
956, 393
957, 392
958, 392
959, 394
960, 395
961, 393
962, 390
963, 385
964, 385
965, 378
966, 373
967, 368
968, 362
969, 356
970, 352
971, 348
972, 345
973, 341
974, 338
975, 338
976, 336
977, 336
978, 334
979, 332
980, 333
981, 334
982, 333
983, 332
984, 330
985, 332
986, 332
987, 330
988, 330
989, 330
990, 328
991, 326
992, 323
993, 326
994, 325
995, 322
996, 324
997, 320
998, 317
999, 317
1000, 317
1001, 322
1002, 321
1003, 320
1004, 321
1005, 320
1006, 321
1007, 322
1008, 321
1009, 324
1010, 323
1011, 322
1012, 324
1013, 323
1014, 325
1015, 325
1016, 319
1017, 318
1018, 320
1019, 319
1020, 320
1021, 320
1022, 324
1023, 327
1024, 327
1025, 327
1026, 321
1027, 320
1028, 323
1029, 321
1030, 322
1031, 323
1032, 320
1033, 321
1034, 321
1035, 320
1036, 321
1037, 325
1038, 339
1039, 366
1040, 411
1041, 450
1042, 428
1043, 337
1044, 247
1045, 184
1046, 208
1047, 254
1048, 290
1049, 312
1050, 325
1051, 330
1052, 336
1053, 337
1054, 337
1055, 338
1056, 341
1057, 344
1058, 345
1059, 344
1060, 348
1061, 348
1062, 351
1063, 352
1064, 352
1065, 356
1066, 354
1067, 354
1068, 358
1069, 361
1070, 365
1071, 365
1072, 364
1073, 367
1074, 368
1075, 368
1076, 366
1077, 362
1078, 360
1079, 357
1080, 351
1081, 350
1082, 345
1083, 338
1084, 335
1085, 329
1086, 323
1087, 322
1088, 316
1089, 315
1090, 315
1091, 311
1092, 315
1093, 314
1094, 312
1095, 313
1096, 312
1097, 314
1098, 314
1099, 313
1100, 315
1101, 315
1102, 317
1103, 317
1104, 314
1105, 317
1106, 318
1107, 317
1108, 320
1109, 318
1110, 318
1111, 319
1112, 319
1113, 321
1114, 320
1115, 319
1116, 323
1117, 321
1118, 322
1119, 323
1120, 320
1121, 322
1122, 322
1123, 321
1124, 326
1125, 324
1126, 322
1127, 322
1128, 320
1129, 322
1130, 322
1131, 320
1132, 322
1133, 323
1134, 326
1135, 325
1136, 326
1137, 327
1138, 321
1139, 318
1140, 321
1141, 320
1142, 324
1143, 324
1144, 322
1145, 327
1146, 325
1147, 323
1148, 325
1149, 330
1150, 341
1151, 364
1152, 407
1153, 448
1154, 424
1155, 331
1156, 243
1157, 179
1158, 206
1159, 253
1160, 291
1161, 315
1162, 328
1163, 333
1164, 336
1165, 339
1166, 341
1167, 344
1168, 347
1169, 350
1170, 350
1171, 352
1172, 355
1173, 357
1174, 360
1175, 361
1176, 362
1177, 364
1178, 367
1179, 368
1180, 372
1181, 372
1182, 374
1183, 377
1184, 378
1185, 380
1186, 378
1187, 375
1188, 374
1189, 371
1190, 368
1191, 364
