time,heartValue
0, 174
1, 153
2, 196
3, 228
4, 258
5, 273
6, 282
7, 287
8, 286
9, 288
10, 288
11, 287
12, 289
13, 294
14, 293
15, 294
16, 298
17, 295
18, 298
19, 302
20, 302
21, 302
22, 302
23, 306
24, 312
25, 313
26, 314
27, 316
28, 319
29, 321
30, 318
31, 318
32, 317
33, 316
34, 312
35, 306
36, 305
37, 301
38, 294
39, 290
40, 285
41, 250
42, 174
43, 153
44, 196
45, 228
46, 258
47, 273
48, 282
49, 287
50, 286
51, 288
52, 288
53, 287
54, 289
55, 294
56, 293
57, 294
58, 298
59, 295
60, 298
61, 302
62, 302
63, 302
64, 302
65, 306
66, 312
67, 313
68, 314
69, 316
70, 319
71, 321
72, 318
73, 318
74, 317
75, 316
76, 312
77, 306
78, 305
79, 301
80, 294
81, 290
82, 285
83, 283
84, 279
85, 276
86, 280
87, 277
88, 281
89, 283
90, 284
91, 288
92, 289
93, 288
94, 290
95, 293
96, 295
97, 298
98, 296
99, 298
100, 298
101, 301
102, 298
103, 301
104, 302
105, 302
106, 302
107, 302
108, 300
109, 304
110, 304
111, 304
112, 306
113, 311
114, 309
115, 311
116, 309
117, 312
118, 314
119, 313
120, 314
121, 315
122, 318
123, 325
124, 327
125, 327
126, 326
127, 324
128, 326
129, 326
130, 324
131, 331
132, 332
133, 333
134, 332
135, 335
136, 338
137, 341
138, 350
139, 368
140, 392
141, 432
142, 460
143, 419
144, 336
145, 267
146, 222
147, 254
148, 294
149, 327
150, 348
151, 357
152, 365
153, 361
154, 366
155, 368
156, 372
157, 374
158, 374
159, 372
160, 378
161, 381
162, 381
163, 380
164, 377
165, 380
166, 382
167, 381
168, 385
169, 385
170, 385
171, 384
172, 379
173, 375
174, 374
175, 367
176, 362
177, 351
178, 344
179, 337
180, 326
181, 318
182, 304
183, 291
184, 285
185, 276
186, 272
187, 268
188, 267
189, 269
190, 271
191, 271
192, 274
193, 275
194, 280
195, 286
196, 284
197, 285
198, 289
199, 292
200, 293
201, 293
202, 299
203, 303
204, 302
205, 306
206, 307
207, 308
208, 309
209, 309
210, 312
211, 313
212, 313
213, 316
214, 315
215, 313
216, 320
217, 323
218, 323
219, 324
220, 320
221, 322
222, 323
223, 323
224, 327
225, 325
226, 328
227, 332
228, 335
229, 336
230, 337
231, 333
232, 332
233, 333
234, 332
235, 336
236, 334
237, 337
238, 339
239, 338
240, 343
241, 344
242, 348
243, 361
244, 378
245, 411
246, 450
247, 460
248, 407
249, 326
250, 253
251, 227
252, 263
253, 304
254, 334
255, 350
256, 360
257, 361
258, 364
259, 370
260, 367
261, 370
262, 372
263, 373
264, 379
265, 381
266, 382
267, 381
268, 382
269, 385
270, 388
271, 391
272, 395
273, 398
274, 401
275, 405
276, 405
277, 409
278, 409
279, 408
280, 409
281, 407
282, 405
283, 399
284, 394
285, 392
286, 388
287, 381
288, 376
289, 372
290, 373
291, 367
292, 362
293, 359
294, 362
295, 361
296, 362
297, 364
298, 357
299, 361
300, 363
301, 366
302, 365
303, 362
304, 362
305, 363
306, 364
307, 366
308, 361
309, 362
310, 362
311, 363
312, 362
313, 357
314, 358
315, 361
316, 360
317, 358
318, 357
319, 353
320, 355
321, 355
322, 353
323, 354
324, 354
325, 353
326, 354
327, 352
328, 355
329, 355
330, 352
331, 353
332, 357
333, 359
334, 362
335, 360
336, 355
337, 348
338, 346
339, 350
340, 353
341, 351
342, 350
343, 348
344, 354
345, 352
346, 354
347, 359
348, 366
349, 386
350, 420
351, 461
352, 460
353, 385
354, 303
355, 233
356, 229
357, 274
358, 309
359, 336
360, 354
361, 359
362, 359
363, 362
364, 363
365, 366
366, 361
367, 365
368, 370
369, 371
370, 372
371, 372
372, 374
373, 379
374, 376
375, 377
376, 382
377, 383
378, 386
379, 387
380, 385
381, 389
382, 388
383, 383
384, 388
385, 388
386, 386
387, 384
388, 381
389, 376
390, 373
391, 368
392, 364
393, 359
394, 356
395, 354
396, 349
397, 349
398, 345
399, 341
400, 344
401, 342
402, 342
403, 342
404, 339
405, 341
406, 342
407, 340
408, 341
409, 340
410, 343
411, 343
412, 342
413, 343
414, 340
415, 337
416, 340
417, 336
418, 337
419, 337
420, 334
421, 335
422, 336
423, 334
424, 336
425, 333
426, 334
427, 333
428, 333
429, 336
430, 329
431, 326
432, 329
433, 325
434, 328
435, 327
436, 324
437, 328
438, 329
439, 329
440, 331
441, 329
442, 325
443, 326
444, 327
445, 328
446, 327
447, 327
448, 326
449, 327
450, 328
451, 329
452, 331
453, 339
454, 355
455, 389
456, 431
457, 449
458, 401
459, 312
460, 234
461, 200
462, 235
463, 279
464, 312
465, 326
466, 336
467, 340
468, 343
469, 346
470, 346
471, 351
472, 354
473, 350
474, 354
475, 355
476, 353
477, 356
478, 358
479, 359
480, 362
481, 362
482, 363
483, 365
484, 367
485, 368
486, 368
487, 372
488, 369
489, 371
490, 371
491, 368
492, 362
493, 359
494, 357
495, 352
496, 350
497, 345
498, 342
499, 335
500, 329
501, 328
502, 327
503, 324
504, 326
505, 322
506, 321
507, 319
508, 319
509, 320
510, 321
511, 320
512, 317
513, 316
514, 319
515, 320
516, 319
517, 322
518, 324
519, 321
520, 322
521, 322
522, 321
523, 321
524, 320
525, 321
526, 318
527, 316
528, 316
529, 318
530, 320
531, 318
532, 313
533, 314
534, 319
535, 318
536, 315
537, 314
538, 316
539, 315
540, 312
541, 319
542, 317
543, 317
544, 321
545, 322
546, 323
547, 317
548, 315
549, 315
550, 317
551, 317
552, 318
553, 319
554, 321
555, 320
556, 321
557, 322
558, 323
559, 327
560, 343
561, 362
562, 397
563, 432
564, 409
565, 331
566, 253
567, 191
568, 207
569, 254
570, 296
571, 320
572, 332
573, 340
574, 342
575, 345
576, 351
577, 353
578, 352
579, 353
580, 354
581, 354
582, 355
583, 357
584, 361
585, 360
586, 363
587, 367
588, 368
589, 373
590, 378
591, 377
592, 380
593, 381
594, 383
595, 385
596, 381
597, 382
598, 382
599, 376
600, 372
601, 368
602, 367
603, 364
604, 357
605, 355
606, 353
607, 350
608, 345
609, 337
610, 337
611, 336
612, 336
613, 332
614, 335
615, 339
616, 336
617, 337
618, 340
619, 336
620, 335
621, 337
622, 336
623, 336
624, 339
625, 337
626, 340
627, 338
628, 337
629, 338
630, 336
631, 337
632, 338
633, 336
634, 337
635, 338
636, 333
637, 338
638, 337
639, 335
640, 337
641, 335
642, 336
643, 336
644, 332
645, 332
646, 333
647, 336
648, 339
649, 334
650, 338
651, 345
652, 345
653, 346
654, 343
655, 339
656, 340
657, 338
658, 344
659, 340
660, 339
661, 343
662, 342
663, 342
664, 343
665, 344
666, 349
667, 364
668, 386
669, 426
670, 450
671, 413
672, 337
673, 265
674, 210
675, 236
676, 281
677, 313
678, 334
679, 349
680, 356
681, 353
682, 356
683, 356
684, 354
685, 358
686, 360
687, 358
688, 362
689, 364
690, 368
691, 366
692, 364
693, 370
694, 368
695, 371
696, 372
697, 372
698, 374
699, 374
700, 373
701, 377
702, 375
703, 374
704, 371
705, 372
706, 370
707, 363
708, 359
709, 356
710, 349
711, 343
712, 338
713, 329
714, 328
715, 325
716, 320
717, 321
718, 320
719, 319
720, 321
721, 321
722, 320
723, 320
724, 318
725, 316
726, 320
727, 321
728, 316
729, 316
730, 317
731, 315
732, 314
733, 315
734, 311
735, 311
736, 306
737, 310
738, 309
739, 309
740, 307
741, 308
742, 307
743, 310
744, 312
745, 313
746, 311
747, 312
748, 312
749, 314
750, 312
751, 316
752, 314
753, 311
754, 313
755, 315
756, 311
757, 315
758, 314
759, 313
760, 319
761, 317
762, 320
763, 323
764, 320
765, 318
766, 316
767, 316
768, 317
769, 312
770, 314
771, 316
772, 317
773, 320
774, 319
775, 324
776, 332
777, 350
778, 379
779, 419
780, 435
781, 382
782, 300
783, 236
784, 204
785, 235
786, 277
787, 303
788, 325
789, 333
790, 333
791, 338
792, 345
793, 342
794, 344
795, 346
796, 346
797, 350
798, 350
799, 352
800, 353
801, 356
802, 359
803, 362
804, 360
805, 365
806, 364
807, 370
808, 370
809, 369
810, 373
811, 376
812, 373
813, 374
814, 368
815, 365
816, 362
817, 363
818, 362
819, 354
820, 350
821, 348
822, 344
823, 338
824, 337
825, 333
826, 330
827, 330
828, 329
829, 327
830, 324
831, 326
832, 330
833, 327
834, 329
835, 329
836, 326
837, 324
838, 329
839, 329
840, 328
841, 328
842, 332
843, 331
844, 331
845, 327
846, 322
847, 325
848, 328
849, 321
850, 321
851, 323
852, 322
853, 319
854, 316
855, 318
856, 321
857, 320
858, 319
859, 319
860, 316
861, 320
862, 317
863, 320
864, 320
865, 317
866, 321
867, 318
868, 312
869, 316
870, 313
871, 316
872, 325
873, 324
874, 324
875, 325
876, 331
877, 327
878, 329
879, 330
880, 326
881, 323
882, 329
883, 332
884, 323
885, 330
886, 330
887, 335
888, 335
889, 326
890, 338
891, 345
892, 359
893, 395
894, 438
895, 444
896, 383
897, 298
898, 238
899, 217
900, 253
901, 296
902, 320
903, 329
904, 336
905, 346
906, 348
907, 349
908, 352
909, 356
910, 360
911, 359
912, 365
913, 363
914, 365
915, 366
916, 367
917, 368
918, 373
919, 378
920, 375
921, 378
922, 386
923, 386
924, 384
925, 385
926, 388
927, 391
928, 391
929, 389
930, 387
931, 377
932, 377
933, 375
934, 370
935, 371
936, 366
937, 360
938, 357
939, 351
940, 352
941, 346
942, 344
943, 344
944, 345
945, 340
946, 342
947, 343
948, 344
949, 343
950, 341
951, 342
952, 343
953, 347
954, 349
955, 345
956, 345
957, 350
958, 345
959, 347
960, 349
961, 349
962, 349
963, 346
964, 345
965, 346
966, 342
967, 346
968, 347
969, 348
970, 345
971, 342
972, 349
973, 346
974, 339
975, 343
976, 345
977, 341
978, 345
979, 341
980, 343
981, 343
982, 337
983, 343
984, 342
985, 339
986, 338
987, 336
988, 338
989, 339
990, 341
991, 344
992, 349
993, 345
994, 345
995, 349
996, 347
997, 338
998, 336
999, 337
1000, 332
1001, 334
1002, 335
1003, 337
1004, 337
1005, 336
1006, 334
1007, 340
1008, 347
1009, 363
1010, 393
1011, 430
1012, 449
1013, 395
1014, 308
1015, 239
1016, 201
1017, 239
1018, 279
1019, 304
1020, 321
1021, 331
1022, 330
1023, 329
1024, 331
1025, 332
1026, 335
1027, 334
1028, 336
1029, 337
1030, 336
1031, 338
1032, 337
1033, 336
1034, 338
1035, 336
1036, 337
1037, 338
1038, 339
1039, 340
1040, 343
1041, 343
1042, 344
1043, 346
1044, 345
1045, 344
1046, 342
1047, 343
1048, 342
1049, 338
1050, 338
1051, 332
1052, 328
1053, 326
1054, 319
1055, 316
1056, 312
1057, 306
1058, 306
1059, 301
1060, 301
1061, 302
1062, 302
1063, 302
1064, 298
1065, 296
1066, 301
1067, 298
1068, 297
1069, 298
1070, 297
1071, 298
1072, 297
1073, 297
1074, 299
1075, 296
1076, 296
1077, 297
1078, 297
1079, 299
1080, 296
1081, 298
1082, 304
1083, 307
1084, 304
1085, 304
1086, 300
1087, 300
1088, 300
1089, 298
1090, 299
1091, 298
1092, 300
1093, 299
1094, 300
1095, 300
1096, 299
1097, 297
1098, 301
1099, 297
1100, 300
1101, 301
1102, 301
1103, 302
1104, 298
1105, 296
1106, 300
1107, 305
1108, 304
1109, 304
1110, 309
1111, 315
1112, 315
1113, 318
1114, 319
1115, 314
1116, 317
1117, 317
1118, 313
1119, 316
1120, 320
1121, 320
1122, 320
1123, 319
1124, 320
1125, 322
1126, 327
1127, 345
1128, 376
1129, 418
1130, 441
1131, 390
1132, 298
1133, 218
1134, 184
1135, 227
1136, 272
1137, 303
1138, 325
1139, 335
1140, 340
1141, 340
1142, 342
1143, 347
1144, 351
1145, 355
1146, 357
1147, 358
1148, 360
1149, 364
1150, 365
1151, 365
1152, 363
1153, 364
1154, 368
1155, 370
1156, 374
1157, 374
1158, 375
1159, 380
1160, 377
1161, 377
1162, 381
1163, 378
1164, 378
1165, 377
1166, 373
1167, 372
1168, 367
1169, 360
1170, 358
1171, 355
1172, 353
1173, 348
1174, 338
1175, 338
1176, 334
1177, 330
1178, 331
1179, 332
1180, 334
1181, 335
1182, 331
1183, 334
1184, 334
1185, 335
1186, 336
1187, 334
1188, 334
1189, 333
1190, 334
1191, 333
1192, 330
1193, 330
1194, 331
1195, 328
1196, 330
1197, 328
1198, 325
1199, 326
1200, 326
