time,heartValue
0, 65281
1, 360
2, 363
3, 367
4, 368
5, 369
6, 366
7, 372
8, 378
9, 511
10, 338
11, 337
12, 338
13, 339
14, 338
15, 338
16, 331
17, 336
18, 343
19, 338
20, 339
21, 336
22, 335
23, 337
24, 341
25, 353
26, 374
27, 404
28, 448
29, 456
30, 396
31, 314
32, 239
33, 218
34, 261
35, 293
36, 319
37, 337
38, 349
39, 356
40, 356
41, 357
42, 364
43, 360
44, 363
45, 367
46, 368
47, 369
48, 366
49, 372
50, 378
51, 511
52, 338
53, 337
54, 338
55, 339
56, 338
57, 338
58, 331
59, 336
60, 343
61, 338
62, 339
63, 336
64, 335
65, 337
66, 341
67, 353
68, 374
69, 404
70, 448
71, 456
72, 396
73, 314
74, 239
75, 218
76, 261
77, 293
78, 319
79, 337
80, 349
81, 356
82, 356
83, 357
84, 364
85, 360
86, 363
87, 367
88, 368
89, 369
90, 366
91, 372
92, 378
93, 257
94, 384
95, 387
96, 394
97, 390
98, 392
99, 399
100, 399
101, 400
102, 401
103, 400
104, 400
105, 398
106, 395
107, 390
108, 382
109, 379
110, 375
111, 365
112, 364
113, 360
114, 359
115, 356
116, 353
117, 350
118, 345
119, 345
120, 345
121, 347
122, 345
123, 344
124, 347
125, 350
126, 350
127, 349
128, 354
129, 348
130, 349
131, 353
132, 350
133, 351
134, 350
135, 351
136, 348
137, 346
138, 349
139, 346
140, 344
141, 345
142, 342
143, 342
144, 342
145, 340
146, 343
147, 342
148, 340
149, 344
150, 343
151, 344
152, 343
153, 338
154, 336
155, 334
156, 337
157, 339
158, 335
159, 334
160, 334
161, 338
162, 343
163, 344
164, 344
165, 349
166, 346
167, 338
168, 337
169, 336
170, 339
171, 339
172, 335
173, 338
174, 339
175, 339
176, 342
177, 335
178, 340
179, 355
180, 380
181, 419
182, 452
183, 433
184, 358
185, 281
186, 220
187, 224
188, 269
189, 299
190, 318
191, 332
192, 339
193, 338
194, 341
195, 343
196, 344
197, 345
198, 344
199, 348
200, 354
201, 349
202, 348
203, 353
204, 356
205, 359
206, 362
207, 367
208, 367
209, 363
210, 366
211, 372
212, 372
213, 374
214, 376
215, 375
216, 373
217, 369
218, 366
219, 365
220, 363
221, 354
222, 348
223, 347
224, 342
225, 334
226, 332
227, 326
228, 322
229, 321
230, 320
231, 313
232, 313
233, 314
234, 316
235, 315
236, 313
237, 316
238, 314
239, 315
240, 318
241, 321
242, 320
243, 321
244, 316
245, 319
246, 321
247, 315
248, 313
249, 312
250, 317
251, 315
252, 314
253, 317
254, 315
255, 313
256, 313
257, 310
258, 310
259, 313
260, 308
261, 309
262, 311
263, 311
264, 309
265, 306
266, 306
267, 306
268, 306
269, 309
270, 309
271, 313
272, 318
273, 316
274, 315
275, 318
276, 316
277, 316
278, 311
279, 310
280, 312
281, 313
282, 314
283, 314
284, 314
285, 317
286, 315
287, 319
288, 331
289, 355
290, 394
291, 432
292, 412
293, 337
294, 257
295, 197
296, 205
297, 247
298, 285
299, 298
300, 310
301, 317
302, 320
303, 325
304, 327
305, 324
306, 329
307, 333
308, 334
309, 336
310, 336
311, 340
312, 342
313, 339
314, 344
315, 346
316, 345
317, 347
318, 352
319, 355
320, 355
321, 357
322, 359
323, 358
324, 361
325, 362
326, 358
327, 360
328, 354
329, 349
330, 346
331, 339
332, 334
333, 333
334, 330
335, 328
336, 322
337, 313
338, 312
339, 306
340, 308
341, 310
342, 311
343, 308
344, 308
345, 308
346, 312
347, 312
348, 308
349, 310
350, 313
351, 311
352, 312
353, 311
354, 314
355, 311
356, 312
357, 312
358, 312
359, 309
360, 308
361, 310
362, 312
363, 313
364, 310
365, 312
366, 309
367, 308
368, 312
369, 309
370, 310
371, 308
372, 304
373, 309
374, 311
375, 306
376, 310
377, 312
378, 316
379, 313
380, 311
381, 308
382, 308
383, 306
384, 305
385, 310
386, 315
387, 310
388, 308
389, 311
390, 310
391, 312
392, 318
393, 326
394, 346
395, 376
396, 421
397, 438
398, 368
399, 283
400, 211
401, 189
402, 233
403, 273
404, 298
405, 317
406, 327
407, 333
408, 336
409, 331
410, 335
411, 337
412, 339
413, 342
414, 342
415, 342
416, 341
417, 344
418, 349
419, 350
420, 354
421, 353
422, 352
423, 357
424, 359
425, 360
426, 366
427, 367
428, 362
429, 371
430, 373
431, 363
432, 363
433, 363
434, 358
435, 353
436, 348
437, 344
438, 339
439, 337
440, 330
441, 322
442, 319
443, 316
444, 308
445, 307
446, 306
447, 310
448, 312
449, 307
450, 310
451, 311
452, 311
453, 312
454, 308
455, 310
456, 311
457, 311
458, 314
459, 312
460, 313
461, 315
462, 313
463, 314
464, 315
465, 311
466, 312
467, 308
468, 312
469, 310
470, 309
471, 310
472, 305
473, 304
474, 309
475, 309
476, 304
477, 305
478, 305
479, 308
480, 305
481, 305
482, 304
483, 298
484, 299
485, 301
486, 304
487, 306
488, 310
489, 308
490, 315
491, 311
492, 305
493, 310
494, 309
495, 312
496, 311
497, 309
498, 315
499, 311
500, 313
501, 314
502, 312
503, 320
504, 340
505, 367
506, 410
507, 432
508, 385
509, 301
510, 232
511, 191
512, 225
513, 262
514, 295
515, 314
516, 318
517, 319
518, 322
519, 323
520, 324
521, 329
522, 336
523, 330
524, 333
525, 342
526, 336
527, 338
528, 341
529, 340
530, 341
531, 344
532, 350
533, 350
534, 352
535, 360
536, 360
537, 360
538, 364
539, 361
540, 359
541, 363
542, 356
543, 355
544, 353
545, 350
546, 344
547, 340
548, 336
549, 333
550, 328
551, 324
552, 318
553, 314
554, 315
555, 313
556, 314
557, 311
558, 310
559, 314
560, 313
561, 314
562, 311
563, 311
564, 311
565, 315
566, 315
567, 315
568, 314
569, 313
570, 317
571, 317
572, 317
573, 313
574, 313
575, 316
576, 311
577, 308
578, 315
579, 311
580, 308
581, 311
582, 310
583, 311
584, 317
585, 314
586, 312
587, 313
588, 315
589, 313
590, 315
591, 312
592, 313
593, 315
594, 316
595, 316
596, 309
597, 312
598, 309
599, 311
600, 315
601, 316
602, 321
603, 324
604, 328
605, 327
606, 324
607, 323
608, 320
609, 318
610, 321
611, 323
612, 320
613, 322
614, 322
615, 320
616, 322
617, 325
618, 331
619, 334
620, 347
621, 378
622, 421
623, 449
624, 392
625, 303
626, 229
627, 187
628, 220
629, 271
630, 299
631, 316
632, 331
633, 335
634, 336
635, 338
636, 342
637, 346
638, 350
639, 352
640, 353
641, 357
642, 364
643, 361
644, 359
645, 363
646, 364
647, 369
648, 369
649, 370
650, 373
651, 373
652, 377
653, 380
654, 378
655, 374
656, 374
657, 373
658, 376
659, 371
660, 369
661, 367
662, 362
663, 357
664, 355
665, 349
666, 340
667, 336
668, 335
669, 334
670, 330
671, 329
672, 327
673, 326
674, 331
675, 332
676, 332
677, 333
678, 333
679, 337
680, 335
681, 332
682, 332
683, 333
684, 333
685, 335
686, 332
687, 332
688, 333
689, 331
690, 332
691, 330
692, 329
693, 329
694, 327
695, 330
696, 331
697, 330
698, 329
699, 329
700, 329
701, 328
702, 328
703, 332
704, 328
705, 329
706, 325
707, 328
708, 329
709, 328
710, 326
711, 330
712, 329
713, 328
714, 328
715, 324
716, 323
717, 325
718, 326
719, 332
720, 332
721, 327
722, 331
723, 331
724, 332
725, 330
726, 327
727, 322
728, 325
729, 326
730, 329
731, 322
732, 325
733, 331
734, 329
735, 327
736, 330
737, 342
738, 364
739, 394
740, 442
741, 447
742, 380
743, 294
744, 221
745, 204
746, 246
747, 285
748, 308
749, 330
750, 333
751, 334
752, 337
753, 337
754, 340
755, 342
756, 344
757, 346
758, 344
759, 350
760, 351
761, 350
762, 351
763, 351
764, 354
765, 354
766, 356
767, 357
768, 361
769, 360
770, 363
771, 365
772, 368
773, 368
774, 367
775, 368
776, 365
777, 362
778, 362
779, 358
780, 351
781, 347
782, 340
783, 338
784, 335
785, 331
786, 328
787, 321
788, 316
789, 314
790, 312
791, 313
792, 312
793, 312
794, 314
795, 313
796, 316
797, 316
798, 312
799, 312
800, 313
801, 315
802, 316
803, 316
804, 318
805, 319
806, 315
807, 316
808, 316
809, 315
810, 314
811, 316
812, 319
813, 313
814, 315
815, 316
816, 316
817, 316
818, 320
819, 316
820, 313
821, 315
822, 310
823, 313
824, 311
825, 312
826, 313
827, 313
828, 311
829, 312
830, 311
831, 312
832, 309
833, 304
834, 305
835, 305
836, 304
837, 310
838, 309
839, 315
840, 314
841, 314
842, 317
843, 314
844, 311
845, 310
846, 308
847, 310
848, 311
849, 310
850, 306
851, 306
852, 308
853, 310
854, 310
855, 314
856, 324
857, 347
858, 384
859, 427
860, 418
861, 339
862, 247
863, 178
864, 185
865, 235
866, 274
867, 293
868, 308
869, 314
870, 315
871, 320
872, 325
873, 328
874, 331
875, 326
876, 322
877, 326
878, 329
879, 334
880, 334
881, 334
882, 340
883, 338
884, 341
885, 346
886, 352
887, 349
888, 348
889, 350
890, 355
891, 350
892, 351
893, 354
894, 351
895, 352
896, 346
897, 345
898, 341
899, 338
900, 338
901, 330
902, 319
903, 318
904, 317
905, 315
906, 311
907, 310
908, 313
909, 313
910, 308
911, 311
912, 310
913, 311
914, 314
915, 313
916, 308
917, 309
918, 311
919, 312
920, 311
921, 314
922, 313
923, 311
924, 313
925, 313
926, 317
927, 315
928, 307
929, 307
930, 316
931, 308
932, 306
933, 309
934, 310
935, 311
936, 310
937, 311
938, 314
939, 312
940, 318
941, 314
942, 309
943, 313
944, 316
945, 317
946, 316
947, 316
948, 317
949, 318
950, 312
951, 312
952, 316
953, 318
954, 323
955, 315
956, 317
957, 325
958, 324
959, 327
960, 327
961, 327
962, 323
963, 321
964, 322
965, 324
966, 323
967, 321
968, 323
969, 325
970, 325
971, 323
972, 328
973, 336
974, 350
975, 383
976, 425
977, 446
978, 407
979, 314
980, 233
981, 196
982, 231
983, 276
984, 305
985, 324
986, 342
987, 340
988, 337
989, 342
990, 350
991, 351
992, 349
993, 351
994, 350
995, 354
996, 359
997, 363
998, 361
999, 363
1000, 366
1001, 364
1002, 367
1003, 368
1004, 370
1005, 372
1006, 372
1007, 375
1008, 372
1009, 375
1010, 374
1011, 371
1012, 371
1013, 368
1014, 367
1015, 371
1016, 367
1017, 356
1018, 355
1019, 352
1020, 350
1021, 345
1022, 341
1023, 340
1024, 337
1025, 336
1026, 334
1027, 331
1028, 339
1029, 336
1030, 334
1031, 336
1032, 337
1033, 332
1034, 332
1035, 331
1036, 330
1037, 330
1038, 334
1039, 331
1040, 327
1041, 326
1042, 329
1043, 326
1044, 331
1045, 328
1046, 324
1047, 325
1048, 325
1049, 325
1050, 326
1051, 323
1052, 326
1053, 330
1054, 328
1055, 330
1056, 327
1057, 328
1058, 327
1059, 327
1060, 330
1061, 331
1062, 330
1063, 329
1064, 326
1065, 328
1066, 325
1067, 324
1068, 325
1069, 324
1070, 330
1071, 331
1072, 326
1073, 329
1074, 338
1075, 330
1076, 327
1077, 324
1078, 326
1079, 328
1080, 322
1081, 322
1082, 322
1083, 325
1084, 328
1085, 326
1086, 328
1087, 342
1088, 354
1089, 382
1090, 429
1091, 451
1092, 395
1093, 300
1094, 218
1095, 190
1096, 230
1097, 272
1098, 307
1099, 328
1100, 336
1101, 341
1102, 340
1103, 343
1104, 344
1105, 347
1106, 351
1107, 349
1108, 350
1109, 353
1110, 357
1111, 359
1112, 356
1113, 361
1114, 362
1115, 364
1116, 368
1117, 373
1118, 375
1119, 374
1120, 373
1121, 378
1122, 380
1123, 382
1124, 383
1125, 378
1126, 375
1127, 374
1128, 370
1129, 370
1130, 367
1131, 358
1132, 353
1133, 346
1134, 341
1135, 340
1136, 332
1137, 327
1138, 324
1139, 325
1140, 324
1141, 321
1142, 319
1143, 322
1144, 325
1145, 323
1146, 324
1147, 322
1148, 322
1149, 324
1150, 324
1151, 325
1152, 321
1153, 319
1154, 319
1155, 318
1156, 320
1157, 320
1158, 327
1159, 321
1160, 316
1161, 320
1162, 317
1163, 314
1164, 320
1165, 319
1166, 317
1167, 319
1168, 318
1169, 320
1170, 319
1171, 317
1172, 323
1173, 320
1174, 310
1175, 315
1176, 317
1177, 317
1178, 317
1179, 324
1180, 323
1181, 324
1182, 321
1183, 320
1184, 315
1185, 316
1186, 320
1187, 319
1188, 319
1189, 320
1190, 318
1191, 320
1192, 320
1193, 320
1194, 327
1195, 339
1196, 359
1197, 389
1198, 433
1199, 425
1200, 345
1201, 263
1202, 191
1203, 193
1204, 244
1205, 285
1206, 307
1207, 325
1208, 338
1209, 334
1210, 333
