;
261.114, 226.137
273.663, 206.484
296.899, 201.79
320.097, 204.949
340.95, 214.881
370.373, 214.552
394.735, 202.862
420.967, 197.907
447.076, 204.344
462.274, 224.799
356.041, 242.664
355.646, 262.435
355.048, 281.361
354.614, 301.459
333.978, 325.827
345.55, 328.206
357.441, 330.322
369.701, 328.014
382.307, 326.287
282.242, 253.473
294.649, 246.143
310.05, 246.06
325.772, 255.161
310.187, 258.5
294.761, 258.814
391.97, 253.878
407.063, 244.662
422.872, 244.025
435.991, 251.382
423.575, 256.844
407.736, 256.867
319.648, 372.612
333.757, 358.652
347.875, 351.502
358.887, 354.267
370.484, 351.079
385.927, 358.135
403.193, 371.682
387.159, 378.931
372.28, 381.515
359.957, 381.73
348.131, 380.919
334.942, 378.285
327.103, 371.457
348.013, 366.152
359.193, 366.626
370.996, 365.885
395.579, 370.587
371.104, 363.584
359.4, 363.923
348.151, 363.428
;
261.896, 225.519
274.101, 206.74
296.459, 203.026
318.559, 207.049
339.539, 215.501
374.262, 215.084
397.076, 204.461
422.013, 199.361
446.568, 204.61
462.206, 223.482
356.167, 243.911
355.968, 263.701
355.467, 282.952
355.085, 303.009
333.813, 326.615
345.688, 328.503
357.792, 330.783
369.954, 328.557
382.821, 327.054
281.929, 254.411
294.603, 247.414
309.96, 247.232
325.905, 255.721
309.882, 259.829
294.484, 260.066
392.51, 254.688
407.865, 245.783
423.846, 245.012
437.452, 252.728
424.473, 258.565
408.118, 258.246
317.977, 372.81
332.712, 360.105
347.947, 352.39
359.347, 354.884
371.114, 351.48
386.966, 358.204
405.359, 372.114
388.748, 379.781
373.621, 382.475
361.187, 383.168
349.042, 382.476
334.588, 380.538
324.665, 371.893
348.23, 365.987
359.647, 366.689
371.679, 365.348
397.347, 370.884
372.348, 365.561
360.47, 365.991
349.072, 365.557
;
260.79, 224.979
273.606, 206.438
296.166, 202.83
318.844, 205.942
339.823, 215.69
372.855, 214.298
396.465, 203.009
421.71, 197.683
446.725, 203.58
461.377, 224.161
356.829, 242.866
356.24, 262.797
355.543, 281.971
355.031, 302.558
334.041, 326.132
345.804, 328.236
357.778, 330.349
370.176, 327.876
382.577, 326.788
282.181, 253.276
295.04, 246.084
310.669, 246.518
326.099, 255.009
310.49, 258.422
294.783, 258.905
393.074, 254.25
408.755, 245.274
424.665, 244.576
436.802, 251.819
425.497, 257.509
409.387, 257.331
319.97, 372.152
334.052, 359.162
347.857, 352.114
359.864, 354.949
372.076, 351.791
388.049, 358.877
405.761, 371.345
389.558, 378.507
374.397, 380.478
361.763, 381.01
349.417, 379.833
335.883, 377.415
326.89, 371.316
348.115, 365.496
360.132, 365.931
372.57, 365.053
398.585, 370.099
373.229, 364.662
361.095, 365.16
349.136, 364.282
;
261.33, 224.681
273.426, 205.628
295.921, 202.753
318.388, 206.448
338.763, 215.734
371.767, 214.656
395.081, 203.629
420.877, 198.226
446.132, 203.903
461.887, 223.32
355.422, 243.606
355.174, 263.68
354.665, 283.105
354.432, 303.687
333.094, 327.375
344.786, 329.45
357.028, 331.282
369.702, 329.277
382.43, 327.775
281.682, 253.735
294.144, 246.835
309.722, 246.793
325.896, 255.048
309.606, 258.333
294.132, 258.808
392.258, 254.161
407.762, 245.36
423.359, 244.976
436.494, 252.604
423.83, 257.924
407.815, 257.369
320.434, 373.934
334.08, 360.446
348.073, 353.03
358.982, 355.488
370.189, 352.3
385.788, 359.285
403.37, 372.726
387.705, 380.571
372.884, 383.229
361.207, 383.539
349.744, 382.956
336.311, 381.146
327.345, 372.729
348.382, 366.839
359.382, 367.54
370.837, 366.46
396.323, 371.46
371.645, 366.475
360.479, 367.082
349.395, 366.38
;
260.886, 225.512
272.866, 207.365
295.45, 203.708
317.721, 207.706
339.246, 215.932
373.585, 215.738
397.118, 204.682
422.063, 199.592
447.39, 205.653
462.387, 224.725
356.465, 243.676
356.256, 263.719
355.68, 282.851
355.377, 303.101
335.085, 326.357
346.306, 328.513
357.709, 330.521
369.833, 328.522
381.726, 326.532
283.114, 254.359
295.415, 248.374
310.09, 247.791
325.833, 255.015
310.161, 259.063
295.387, 259.776
393.555, 253.535
408.205, 246.298
423.703, 245.711
436.353, 252.276
424.193, 257.626
408.554, 257.309
322.065, 374.117
334.725, 360.145
348.366, 352.564
359.403, 355.079
370.059, 351.98
385.392, 358.92
402.225, 372.74
386.742, 379.66
372.227, 381.924
360.934, 382.548
349.583, 382.309
336.464, 380.644
329.142, 372.445
348.629, 366.847
359.616, 367.368
370.707, 366.451
394.902, 371.355
371.101, 364.524
360.181, 365.365
349.174, 365.039
;
260.643, 224.894
274.223, 206.233
297.346, 203.227
319.647, 206.771
339.835, 216.227
374.685, 214.615
396.966, 203.647
421.574, 198.625
446.258, 203.549
461.187, 222.153
356.652, 244.226
356.265, 264.023
355.526, 282.701
354.985, 302.763
334.503, 326.946
346.033, 328.952
357.803, 330.721
370.039, 328.971
382.204, 327.005
282.958, 254.547
295.623, 247.667
311.17, 247.444
326.776, 255.641
311.19, 259.381
295.681, 259.86
392.985, 254.366
407.881, 245.518
423.959, 244.811
436.898, 251.713
424.584, 257.34
408.492, 257.248
322.373, 372.893
335.385, 359.271
348.365, 352.205
359.486, 354.831
370.602, 351.551
385.941, 358.405
403.427, 371.688
387.933, 378.815
373.606, 380.522
361.588, 381.336
349.664, 380.917
337.167, 379.49
329.461, 371.824
348.808, 365.869
360.034, 366.522
371.481, 365.25
396.143, 370.088
371.716, 363.21
360.551, 363.928
349.167, 363.448
;
261.728, 223.988
274.227, 206.284
296.16, 203.582
318.152, 206.994
338.963, 215.529
373.033, 215.234
395.839, 204.281
420.628, 198.534
445.319, 203.64
459.315, 223.436
355.397, 244.922
355.084, 264.631
354.681, 283.621
354.339, 303.612
333.827, 326.71
345.556, 328.888
357.581, 330.801
369.626, 328.846
381.916, 327.187
282.376, 254.298
294.402, 247.769
309.369, 247.858
325.527, 255.278
309.62, 258.454
294.574, 259.15
392.543, 253.984
407.491, 245.966
423.011, 245.257
435.695, 251.654
423.63, 256.921
407.808, 256.695
319.974, 373.182
332.699, 360.035
347.018, 352.606
359.256, 355.142
370.641, 352.309
386.123, 358.833
403.654, 372.227
388.299, 380.924
373.494, 383.163
361.319, 383.728
348.3, 383.047
334.413, 380.783
326.591, 372.192
347.244, 366.213
359.505, 366.533
371.147, 365.718
396.519, 370.968
372.152, 366.706
360.619, 367.298
348.265, 366.758
;
260.184, 224.799
272.972, 206.397
295.772, 202.962
318.02, 206.573
339.755, 215.064
373.377, 216.113
395.964, 205.283
420.442, 200.175
445.037, 205.1
459.757, 224.165
356.089, 242.52
355.739, 262.434
355.148, 281.512
354.674, 301.938
334.279, 325.505
345.552, 327.255
357.217, 329.507
368.914, 327.316
381.251, 325.831
281.993, 252.932
294.483, 246.524
309.976, 246.141
325.867, 253.837
309.71, 257.779
294.392, 257.959
392.203, 253.1
407.646, 245.954
423.17, 245.198
435.668, 252.224
423.573, 257.261
407.682, 256.807
318.19, 372.264
333.018, 359.268
347.312, 352.558
358.886, 354.79
370.244, 351.521
385.466, 357.815
402.393, 371.886
386.823, 378.868
372.511, 380.725
360.521, 381.269
348.335, 380.5
334.491, 378.472
325.441, 371.294
347.532, 365.73
359.211, 366.285
370.948, 365.187
395.063, 370.304
371.232, 364.6
359.887, 365.11
348.184, 364.531
;
260.808, 225.53
274.208, 207.498
297.397, 204.152
320.041, 208.354
341.266, 217.926
372.613, 217.001
396.064, 205.469
421.388, 199.6
446.963, 205.311
462.061, 224.541
356.679, 245.339
356.425, 265.308
356.012, 284.524
355.568, 304.908
335.601, 328.568
346.823, 330.567
358.541, 332.249
370.358, 330.415
382.278, 328.317
282.949, 255.4
295.076, 248.502
310.35, 248.052
325.345, 256.321
310.556, 260.408
295.209, 261.004
393.899, 255.095
408.445, 246.72
424.132, 245.731
436.186, 252.434
424.909, 258.373
408.929, 258.491
322.263, 374.081
335.502, 360.919
349.081, 353.494
360.217, 356
371.35, 352.982
386.992, 360.089
404.08, 373.664
388.631, 381.411
373.766, 383.839
362.014, 384.243
350.043, 383.899
336.833, 381.591
329.554, 372.946
349.446, 367.729
360.561, 368.229
372.082, 367.229
396.625, 372.416
372.243, 367.327
360.878, 367.618
349.631, 366.845
;
260.294, 226.095
273.262, 206.993
296.241, 203.597
319.516, 208.037
341.047, 217.566
370.699, 216.871
394.695, 205.256
420.796, 199.998
446.942, 205.883
463.49, 224.946
356.187, 246.334
356.068, 265.93
355.975, 284.68
355.794, 304.513
334.067, 327.594
345.625, 329.74
357.989, 331.75
370.25, 329.694
382.632, 328.032
283.498, 257.186
296.165, 251.637
311.023, 251.155
326.522, 257.221
311.332, 261.219
296.345, 262.042
391.765, 256.124
406.997, 249.939
422.757, 249.958
435.568, 255.822
423.097, 260.747
407.155, 260.105
319.757, 373.329
333.707, 360.192
347.739, 352.791
358.762, 355.324
370.49, 352.139
386.487, 359.435
404.524, 372.819
387.767, 381.09
372.93, 383.247
360.295, 384.207
348.432, 383.561
335.077, 381.178
327.081, 372.45
348.234, 366.405
359.315, 367.231
371.558, 365.953
396.558, 371.871
371.379, 366.092
359.382, 366.806
348.423, 366.325
;
261.938, 224.114
274.683, 206.085
297.541, 203.206
319.958, 207.485
340.74, 216.951
372.141, 215.566
396.443, 204.586
421.935, 199.698
446.78, 205.06
462, 223.556
357.303, 244.289
357.003, 263.879
356.648, 282.543
356.5, 302.764
334.495, 326.908
346.197, 329.376
357.966, 331.428
370.522, 329.519
382.565, 327.722
282.452, 254.311
295.118, 248.005
310.854, 248.124
325.873, 255.805
311.132, 259.669
295.379, 260.332
393.641, 254.836
408.866, 246.545
424.431, 246.188
437.007, 252.773
425.131, 258.496
409.531, 258.387
322.014, 374.296
336.004, 360.833
349.338, 353.523
360.119, 356.048
371.847, 353.034
386.997, 360.128
403.577, 372.657
388.161, 379.788
373.936, 381.638
361.685, 382.414
350.353, 382.004
337.471, 380.158
328.833, 372.938
349.497, 367.308
360.279, 367.612
372.266, 366.803
395.877, 371.452
372.573, 365.352
360.95, 365.779
350.145, 365.21
;
262.117, 224.064
275.381, 205.879
298.221, 203.64
320.692, 207.983
341.19, 217.754
371.855, 216.533
395.73, 205.234
421.223, 199.812
446.439, 205.3
462.078, 224.475
356.286, 243.912
356.1, 264.469
355.866, 283.729
355.715, 304.409
334.2, 327.581
345.745, 329.64
357.436, 331.732
369.527, 329.811
381.695, 328.327
282.252, 253.85
295.114, 247.725
310.336, 247.598
325.931, 255.535
310.337, 259.008
294.952, 259.601
392.552, 255.025
408.275, 246.705
423.907, 246.081
436.969, 253.195
424.947, 258.586
408.996, 258.249
319.693, 373.938
333.293, 360.842
346.894, 353.381
358.793, 356.152
370.569, 352.911
386.146, 360.064
404.14, 372.724
388.079, 381.183
373.801, 383.733
361.305, 384.561
348.719, 383.839
335.537, 381.176
326.56, 373.101
347.145, 368.193
359.092, 368.684
371.221, 367.904
396.646, 371.901
372.1, 366.025
360.225, 366.431
348.237, 365.484
;
259.253, 226.206
272.344, 207.358
295.276, 203.749
318.753, 207.526
340.17, 216.568
372.239, 216.657
396.661, 205.156
422.872, 199.724
448.147, 205.552
462.056, 226.258
357.199, 245.306
357.016, 265.323
356.765, 284.116
356.556, 304.497
334.911, 327.619
346.427, 329.644
358.539, 331.865
370.503, 329.761
382.508, 328.185
282.259, 254.793
294.622, 248.293
310.112, 248.017
325.839, 255.98
310.675, 259.88
294.906, 260.578
392.484, 254.923
408.04, 246.776
423.595, 246.217
436.153, 252.807
424.453, 258.754
408.527, 258.575
321.662, 374.563
336.199, 361.735
349.628, 354.592
360.364, 356.639
371.829, 353.952
386.886, 360.901
404.289, 373.442
388.557, 382.151
374.6, 383.889
362.67, 384.335
351.282, 383.666
338.104, 381.644
328.449, 373.472
349.963, 368.461
360.807, 368.788
372.407, 367.83
396.434, 372.675
372.869, 367.14
361.642, 367.827
350.836, 366.793
;
260.465, 224.263
274.165, 206.428
296.93, 203.58
319.826, 207.538
340.667, 217.34
372.869, 216.512
397.068, 205.118
423.233, 200.067
449.419, 205.756
465.272, 225.637
357.322, 244.676
356.767, 264.81
356.135, 283.866
355.554, 304.249
334.18, 327.069
345.897, 329.409
357.922, 331.582
370.157, 329.597
382.173, 328.241
282.248, 254.891
294.826, 248.624
310.009, 248.378
325.493, 255.634
310.33, 259.002
295.093, 259.9
395.228, 255.1
410.249, 247.462
426.137, 247.247
439.716, 254.08
426.868, 258.747
410.826, 258.501
320.269, 373.836
333.303, 359.81
346.932, 352.611
358.575, 355.461
370.831, 352.452
386.921, 359.963
404.86, 373.304
388.401, 381.768
373.008, 384.298
360.165, 384.806
347.864, 384.03
334.998, 381.296
327.844, 372.319
347.299, 366.256
358.929, 367.033
371.458, 366.263
396.714, 372.035
371.664, 366.725
359.286, 366.977
347.658, 366.109
;
261.573, 223.709
274.812, 206.462
297.232, 203.155
319.82, 206.786
340.242, 216.515
373.191, 217.299
396.357, 205.543
421.769, 200.346
447.304, 204.87
463.148, 223.696
356.965, 245.864
357.322, 265.497
357.484, 284.467
357.716, 304.572
336.212, 328.285
347.47, 330.472
358.824, 332.291
370.663, 330.476
382.632, 328.502
282.45, 254.697
294.874, 248.286
310.372, 247.797
326.512, 255.542
310.737, 259.358
295.086, 260.152
393.146, 254.911
408.561, 246.784
424.01, 246.122
437.186, 252.927
424.712, 258.417
408.973, 258.212
320.153, 374.376
334.093, 360.891
348.6, 353.581
360.386, 356.346
372.11, 353.039
387.51, 359.887
403.984, 373.952
389.239, 381.509
374.248, 383.861
361.943, 384.693
349.717, 384.235
335.681, 381.854
327.094, 373.13
348.795, 367.308
360.665, 368.052
372.67, 367.257
396.757, 372.624
373.028, 367.696
361.384, 368.311
349.589, 367.662
;
261.827, 225.087
274.937, 207.081
297.486, 204.059
319.731, 207.493
340.415, 216.967
372.623, 216.306
396.224, 205.21
421.722, 199.916
447.411, 205.355
463.142, 224.569
357.198, 245.133
357.401, 265.139
357.313, 284.381
357.323, 304.969
334.734, 327.964
346.664, 330.231
358.75, 332.381
370.832, 330.4
382.841, 328.508
282.815, 254.947
295.627, 248.244
310.814, 247.863
326.741, 255.925
311.003, 259.177
295.692, 259.78
393.091, 255.133
409.26, 246.751
424.393, 245.926
437.033, 253.238
425.257, 258.209
409.695, 257.923
321.358, 374.671
334.822, 360.965
348.611, 353.425
360.061, 356.094
372.162, 352.92
387.671, 359.881
403.992, 373.489
389.075, 380.747
374.531, 384.179
361.503, 385.142
349.661, 384.755
336.427, 382.492
327.964, 373.31
348.847, 366.986
360.274, 367.878
372.844, 366.69
396.657, 372.062
373.264, 367.15
361.068, 368.032
349.716, 367.182
;
260.191, 225.94
273.405, 207.14
297.009, 204.219
319.88, 208.659
341.066, 218.145
372.335, 218.434
396.006, 206.266
421.664, 199.875
447.258, 205.155
462.533, 224.899
356.879, 245.86
356.656, 265.694
356.429, 284.724
356.168, 304.757
334.438, 328.107
346.387, 330.026
358.501, 331.922
370.583, 330.294
383.023, 328.903
281.858, 255.294
294.475, 248.597
310.302, 248.544
326.275, 256.808
310.66, 260.451
294.733, 261.289
392.5, 256.109
408.766, 247.393
424.83, 246.669
437.966, 253.25
425.788, 259.534
409.415, 259.345
319.634, 374.747
333.633, 360.847
348.071, 353.947
360.376, 356.391
371.901, 353.343
387.961, 360.509
405.562, 374.051
389.83, 382.146
374.779, 384.531
362.581, 384.859
349.682, 384.381
335.205, 381.861
326.593, 373.423
348.678, 367.353
360.901, 367.7
372.834, 366.77
397.872, 372.737
373.159, 368.695
361.552, 368.901
349.261, 368.528
;
263.032, 227.899
275.369, 208.443
298.667, 204.962
321.289, 208.858
342.418, 218.646
372.232, 217.673
395.832, 205.839
422.051, 200.393
447.656, 206.784
462.992, 226.763
357.2, 244.698
357.081, 264.992
356.808, 284.322
356.711, 304.803
335.208, 327.466
346.765, 329.684
358.861, 331.991
370.935, 329.544
383.163, 327.577
283.447, 255.546
295.74, 248.718
310.653, 248.522
326.341, 256.245
310.825, 260.06
295.764, 260.813
393.329, 255.14
409.239, 246.774
425.031, 245.995
438.116, 253.078
425.801, 259.082
409.5, 258.449
320.278, 374.146
334.742, 361.072
348.243, 353.039
360.07, 355.753
371.902, 352.77
387.708, 359.814
404.956, 373.054
388.917, 381.521
374.06, 383.908
361.449, 384.976
349.22, 384.633
335.838, 382.899
327.506, 373.308
348.873, 367.156
360.427, 367.538
372.446, 366.646
397.266, 371.926
372.396, 366.671
360.417, 367.372
348.757, 366.856
;
262.154, 226.611
274.535, 208.12
297.312, 204.325
320.153, 208.403
341.788, 217.534
371.299, 216.857
395.638, 205.219
421.789, 200.045
447.976, 205.438
464.253, 224.352
357.144, 244.747
356.963, 264.819
356.591, 283.775
356.426, 304.021
335.927, 327.497
347.265, 329.81
358.903, 331.758
371.199, 329.502
383.15, 327.505
283.222, 255.141
295.763, 248.933
310.868, 248.555
327.463, 255.584
311.266, 259.061
296.243, 259.922
392.741, 254.413
408.678, 246.927
424.198, 246.474
437.096, 253.078
424.718, 257.849
408.896, 257.524
323.849, 375.359
337.104, 360.504
349.933, 353.118
360.604, 355.535
372.02, 352.394
387.551, 359.588
403.973, 373.266
388.93, 380.059
374.584, 382.744
362.581, 383.712
351.578, 383.199
339.039, 381.102
331.011, 373.58
350.376, 367.183
361.035, 367.57
372.751, 366.501
396.766, 371.673
373.092, 366.003
361.637, 366.609
351.141, 365.94
;
261.488, 226.661
273.554, 207.258
296.84, 203.584
319.526, 207.768
341.287, 216.674
373.813, 216.35
397.444, 205.374
422.552, 199.236
448.126, 203.717
463.257, 222.9
358.062, 244.335
357.894, 264.015
357.603, 282.686
357.418, 302.968
336.157, 326.298
347.481, 328.526
359.606, 330.937
371.876, 328.704
384.053, 326.464
283.367, 255.062
295.962, 248.462
311.533, 247.835
327.613, 255.486
311.798, 259.656
296.18, 260.419
394.293, 254.395
409.439, 246.571
425.381, 245.963
437.906, 252.148
425.926, 258.165
409.827, 257.9
324.879, 374.405
337.57, 360.378
350.88, 353.209
361.681, 355.851
372.404, 352.97
387.114, 359.743
404.94, 373.381
389.146, 380.903
374.594, 382.237
363.399, 382.374
351.856, 382.037
339.521, 380.289
332.182, 372.886
351.117, 366.638
361.951, 367.344
372.894, 366.462
397.467, 371.879
373.148, 365.172
362.677, 365.417
351.8, 364.8
;
261.437, 225.489
274.349, 207.081
297.736, 204.547
320.106, 208.121
341.155, 217.483
374.715, 216.868
397.335, 205.696
421.816, 199.91
446.553, 204.031
462.828, 221.808
357.077, 245.259
356.554, 264.939
355.893, 284.007
355.384, 304.272
334.667, 327.848
346.161, 329.605
357.923, 331.501
370.092, 329.668
382.125, 328.239
282.297, 254.929
295.603, 247.838
311.71, 247.759
327.45, 256.609
311.472, 260.334
295.524, 260.567
393.302, 255.512
409.292, 246.912
425.22, 246.022
437.979, 253.237
426.009, 259.016
409.674, 258.766
319.378, 374.351
333.373, 360.874
347.733, 352.862
359.851, 355.347
371.95, 352.117
387.396, 359.36
404.396, 373.391
389.002, 380.493
374.411, 382.646
361.663, 383.145
348.932, 382.544
334.919, 380.986
326.134, 373.103
347.889, 366.97
360.076, 367.163
372.415, 366.145
397.287, 371.767
373.175, 366.291
360.95, 366.703
348.817, 366.258
;
263.048, 225.203
275.843, 206.309
299.063, 203.574
321.589, 207.55
342.31, 217.865
373.995, 217.358
397.973, 205.258
423.7, 199.772
449.01, 205.648
463.394, 225.973
358.062, 245.813
357.712, 265.589
357.37, 284.676
357.005, 304.829
335.982, 328.691
347.546, 330.909
359.584, 333.03
371.517, 331.074
383.796, 329.105
284.433, 255.567
296.351, 248.432
311.545, 248.568
327.788, 257.577
311.52, 261.25
296.324, 261.675
394.299, 256.268
410.147, 246.837
425.77, 246.07
438.788, 253.372
426.347, 259.513
410.221, 259.134
322.587, 375.184
335.999, 361.804
349.77, 354.557
361.054, 357.225
372.228, 354.077
388.187, 360.892
406.256, 373.84
390, 381.794
375.171, 383.388
363.134, 384.068
351.201, 383.469
337.795, 381.677
329.423, 374.015
350.495, 368.958
361.682, 369.328
373.132, 368.201
398.457, 372.752
373.418, 366.856
362.071, 367.227
350.806, 366.65
;
261.35, 225.873
274.846, 207.185
297.78, 203.648
320.797, 207.239
341.13, 217.37
373.735, 216.387
397.015, 204.686
422.468, 199.312
447.259, 205.534
462.001, 224.399
357.628, 244.423
357.368, 264.678
357.111, 284.053
356.911, 304.715
335.238, 327.83
346.841, 330.196
358.826, 332.393
370.924, 330.19
382.604, 328.361
282.245, 255.405
294.92, 248.627
310.408, 248.917
326.335, 256.723
310.519, 260.394
294.843, 261.102
392.154, 255.672
408.509, 246.99
424.239, 246.317
436.961, 253.093
425.223, 258.657
409.308, 258.708
320.385, 375.086
334.428, 360.891
348.402, 353.461
360.278, 356.132
371.966, 353.129
388.326, 360.43
406.431, 373.624
390.023, 381.223
374.635, 383.261
362.191, 383.789
349.764, 383.587
335.965, 381.831
326.928, 374.021
348.725, 367.418
360.649, 368.144
372.827, 367.197
398.82, 372.72
373.195, 367.322
361.282, 367.696
349.353, 367.296
;
261.001, 224.292
275.079, 205.99
298.393, 203.869
321.165, 209.049
342.527, 218.873
371.66, 218.163
395.08, 205.761
420.544, 199.086
446.652, 203.791
462.448, 223.727
356.579, 245.591
356.461, 265.719
356.216, 284.779
356.039, 305.039
334.303, 327.744
346.024, 330.151
358.3, 332.413
370.354, 330.122
382.922, 327.931
282.373, 255.076
295.233, 248.249
310.447, 248.124
326.028, 256.831
310.213, 260.23
295.021, 260.527
393.309, 255.315
408.851, 247.055
424.554, 246.044
437.258, 253.128
424.988, 258.45
409.017, 258.32
321.105, 374.574
334.055, 360.852
347.791, 353.478
359.681, 355.869
371.231, 352.886
386.723, 359.495
404.391, 373.812
388.668, 381.839
374.132, 384.245
361.723, 384.672
349.386, 383.954
335.926, 381.719
327.752, 373.213
348.19, 367.269
359.97, 367.586
371.887, 366.689
397.194, 372.067
372.676, 367.489
360.809, 367.774
349.099, 367.112
;
262.182, 223.581
274.83, 205.125
297.749, 202.068
320.294, 206.039
340.998, 215.902
373.167, 215.525
396.95, 204.302
422.641, 199.368
447.877, 204.92
463.836, 224.235
357.151, 244.555
356.632, 264.157
355.971, 282.958
355.362, 302.657
334.497, 327.071
345.961, 329.338
357.846, 331.476
370.135, 329.262
382.754, 327.963
283.254, 253.529
295.778, 246.369
311.11, 246.769
326.312, 255.614
310.709, 258.81
295.28, 259.059
394.074, 255.547
409.194, 246.246
424.977, 245.892
438.034, 253.4
425.416, 258.954
409.463, 258.55
320.724, 373.154
334.801, 359.986
348.528, 352.698
359.61, 355.622
371.417, 352.345
386.542, 359.369
404.526, 372.926
387.614, 380.61
372.959, 383.657
360.561, 384.192
348.659, 383.122
335.938, 380.515
327.973, 372.145
348.526, 366.548
359.787, 367.373
371.823, 366.501
397.2, 371.482
372.071, 366.848
360.191, 367.541
348.965, 366.909
;
260.315, 225.035
273.526, 206.817
296.155, 202.576
318.734, 205.96
339.798, 215.218
373.441, 215.75
396.555, 204.778
421.866, 199.939
447.307, 205.246
461.858, 224.557
356.674, 243.367
356.4, 263.276
355.926, 282.38
355.674, 302.553
335.138, 326.24
346.316, 328.074
358.221, 329.719
370.44, 327.726
382.599, 325.806
282.613, 254.236
294.767, 247.786
310.109, 246.988
325.786, 254.834
310.388, 258.597
294.91, 259.284
393.554, 253.737
408.002, 245.971
423.736, 245.693
436.643, 251.83
424.318, 257.452
408.177, 257.264
320.549, 372.755
334.3, 359.738
348.305, 351.845
360.268, 354.6
371.4, 351.341
386.514, 358.269
403.786, 371.449
388.45, 380.546
374.15, 383.063
362.166, 383.838
349.567, 383.484
336.047, 381.456
327.632, 371.969
348.631, 366.562
360.609, 367.059
372.126, 366.18
396.227, 370.745
372.67, 365.447
361.282, 366.258
349.374, 365.701
;
261.522, 224.947
274.66, 206.665
297.845, 203.219
320.829, 206.657
342.155, 216.074
372.61, 215.954
396.349, 204.854
422.138, 199.704
447.502, 204.673
462.87, 223.6
356.923, 244.878
356.571, 264.331
356.395, 283.167
355.983, 303.231
334.475, 326.861
346.153, 329.298
358.236, 331.494
370.251, 329.669
382.656, 328.013
283.311, 254.398
295.961, 247.872
311.037, 247.647
327.027, 255.194
311.513, 258.747
296.313, 259.362
392.769, 254.03
408.497, 246.404
423.723, 245.682
436.493, 252.008
424.397, 257.3
408.935, 257.078
318.614, 373.654
332.908, 360.996
347.618, 353.564
359.811, 356.166
371.472, 353.104
387.91, 360.148
405.536, 373.48
388.82, 381.512
373.083, 383.538
360.601, 383.967
347.966, 383.251
334.129, 380.984
325.594, 372.889
348.057, 367.349
360, 367.873
372.147, 367.096
398.269, 372.495
371.774, 367.771
359.912, 368.04
347.973, 367.206
;
260.397, 223.832
273.972, 205.64
297.486, 203.708
319.965, 208.828
340.395, 218.462
372.128, 217.543
395.155, 205.99
420.21, 199.683
445.741, 203.661
461.499, 222.354
356.378, 244.494
356.028, 264.597
355.608, 284.158
355.169, 304.916
333.734, 328.071
345.605, 330.29
357.698, 332.194
370.134, 330.033
382.49, 328.01
281.928, 254.284
294.545, 248.225
310.073, 247.87
325.653, 255.383
310.316, 259.171
294.735, 259.958
393.042, 254.104
408.744, 246.446
424.324, 246.164
436.595, 252.239
424.766, 257.716
408.871, 257.526
318.396, 374.257
332.495, 361.21
346.684, 354.091
359.282, 356.646
371.169, 353.448
386.741, 360.016
404.011, 373.261
388.766, 382.796
374.257, 385.92
361.484, 386.698
348.434, 386.172
334.354, 383.141
325.483, 373.49
347.093, 367.979
359.692, 368.21
371.872, 367.422
396.955, 372.142
372.804, 368.776
360.662, 369.458
348.009, 368.654
;
262.776, 224.067
276.059, 205.441
298.932, 202.94
321.376, 206.738
342.561, 216.378
373.705, 216.301
396.898, 204.355
422.352, 198.609
447.554, 203.597
462.048, 223.147
358.042, 244.422
357.919, 264.308
357.774, 283.327
357.522, 303.405
335.493, 326.715
347.227, 328.882
359.44, 331.031
371.511, 329.127
383.974, 327.395
284.994, 254.685
296.67, 248.506
311.912, 248.368
327.616, 255.569
312.224, 260.157
296.919, 260.652
394.02, 254.261
409.651, 247.189
425.035, 246.661
437.036, 252.91
425.522, 258.64
409.752, 258.041
320.648, 373.375
334.851, 361.178
349.293, 353.378
361.238, 356.036
372.599, 352.807
387.815, 360.288
405.918, 373.12
389.501, 381.275
375.124, 383.273
362.869, 383.857
350.163, 383.207
336.339, 381.067
328.091, 372.732
349.698, 367.92
361.579, 368.338
373.273, 367.52
397.827, 372.108
373.472, 365.518
361.921, 365.851
349.892, 364.983
;
260.528, 224.576
274.322, 206.696
297.888, 204.011
321.271, 208.097
343.004, 217.531
373.785, 216.554
398.699, 206.115
424.219, 201.455
448.821, 207.358
462.514, 227.117
357.578, 246.485
357.211, 266.329
356.876, 285.418
356.6, 305.26
333.892, 327.661
345.856, 329.604
358.476, 332.103
370.875, 330.124
383.192, 328.656
283.774, 257.597
296.456, 253.43
310.796, 252.612
326.478, 256.584
311.354, 260.269
296.917, 261.167
392.639, 255.906
408.572, 251.013
423.766, 251.327
436.892, 256.2
423.763, 259.858
408.442, 259.248
318.986, 374.088
334.045, 361.464
348.478, 354.279
358.87, 357.171
370.541, 354.055
386.248, 361.494
404.619, 374.656
387.463, 382.413
372.751, 384.424
360.443, 384.88
349.006, 384.244
335.328, 382.134
325.849, 373.017
348.796, 367.927
359.343, 368.733
371.252, 367.734
396.22, 373.466
371.235, 367.432
359.534, 367.806
349.008, 367.289
;
261.389, 224.67
274.633, 206.872
297.066, 203.867
318.926, 207.639
339.369, 216.78
373.447, 216.718
396.559, 205.515
421.443, 199.623
446.424, 204.831
461.147, 223.689
356.523, 245.308
356.401, 265.117
356.147, 283.807
356.084, 303.946
334.169, 328.18
346.215, 330.389
358.27, 332.47
370.361, 330.107
382.781, 328.342
282.693, 255.448
294.554, 248.863
309.331, 249.065
324.74, 256.991
309.318, 260.039
294.514, 260.398
393.238, 255.686
408.173, 247.899
423.227, 247.414
435.907, 254.016
423.848, 258.59
408.481, 258.443
319.827, 373.328
334.983, 361.512
350.158, 354.275
360.948, 356.474
372.066, 353.386
387.664, 359.954
405.231, 372.095
389.399, 380.416
374.416, 382.857
362.713, 383.663
351.044, 382.858
336.449, 381
327.149, 372.945
350.446, 367.452
361.264, 367.669
372.548, 366.519
397.853, 371.02
372.816, 367.427
361.613, 367.85
350.799, 367.405
;
261.349, 222.337
275.472, 204.934
298.411, 202.559
321.114, 206.891
342.001, 216.837
373.275, 216.809
396.621, 205.006
421.957, 199.437
446.808, 205.458
461.809, 224.98
357.881, 243.847
357.801, 263.635
357.717, 282.544
357.763, 302.772
335.085, 327.292
346.966, 329.542
359.302, 332.043
371.68, 329.859
384.034, 328.042
283.284, 253.656
295.632, 247.478
311.106, 247.547
326.506, 255.81
311.055, 258.94
295.523, 259.253
393.633, 254.79
408.897, 246.935
424.85, 246.584
437.739, 253.265
425.558, 258.508
409.419, 258.127
320.489, 374.709
334.194, 361.063
348.514, 353.495
360.728, 356.094
372.103, 353.257
387.94, 360.776
405.124, 375.205
389.117, 382.443
374.803, 384.103
362.749, 384.47
350.012, 383.59
336.286, 381.447
327.335, 373.481
348.909, 367.499
361.129, 367.974
372.829, 367.37
397.264, 373.566
373.304, 367.674
361.959, 368.027
349.787, 367.289
;
260.613, 224.545
274.566, 206.542
297.931, 203.835
320.639, 207.781
341.439, 217.698
372.209, 217.863
395.937, 205.568
421.663, 199.987
448.109, 206
463.34, 226.151
356.231, 244.85
355.735, 264.591
355.266, 283.437
354.94, 303.594
333.103, 327.559
345.201, 329.939
357.829, 332.131
370.067, 330.136
382.189, 328.464
282.836, 255.348
294.81, 248.921
309.722, 248.713
325.192, 256.576
309.852, 260.211
295.023, 260.498
393.165, 255.725
408.077, 247.532
423.627, 246.912
436.485, 253.41
424.301, 258.582
408.605, 258.456
320.816, 375.02
333.798, 361.373
347.263, 353.996
359.205, 356.74
370.788, 353.479
386.535, 360.704
404.281, 374.605
388.067, 382.747
373.386, 385.346
360.799, 386.246
348.496, 385.896
335.422, 383.374
327.693, 374.148
347.708, 368.155
359.524, 368.933
371.45, 367.807
396.443, 373.516
371.572, 368.667
359.786, 369.411
347.971, 368.903
;
261.244, 225.405
274.41, 206.545
298.03, 203.618
321.067, 206.95
342.799, 216.392
371.302, 216.617
395.195, 204.956
421.203, 200.019
447.126, 205.549
462.675, 225.265
357.652, 245.176
357.494, 264.848
357.329, 283.79
357.003, 304.364
334.975, 328.011
346.868, 330.146
359.162, 332.258
371.562, 330.646
384.043, 329.269
282.607, 255.174
295.046, 248.205
310.344, 248.445
325.887, 257.028
310.439, 260.092
295.222, 260.46
393.989, 256.093
408.688, 247.348
424.06, 246.372
437.145, 253.218
425.1, 258.313
409.575, 258.457
318.942, 374.785
333.482, 362.053
348.191, 354.456
360.879, 357.051
372.862, 354.099
388.564, 360.76
405.997, 373.736
389.687, 382.767
374.935, 384.993
362.182, 385.649
348.784, 385.134
334.532, 382.882
325.968, 374.115
348.644, 368.22
361.368, 369.051
373.712, 367.974
397.778, 372.85
373.48, 368.795
361.467, 369.394
348.58, 368.674
;
262.142, 225.024
274.776, 205.903
298.2, 202.892
321.636, 207.458
342.651, 217.953
372.532, 217.146
395.867, 205.298
421.74, 200.084
447.357, 205.261
462.937, 224.395
357.389, 245.898
357.284, 265.278
357.23, 284.091
357.262, 304.158
334.941, 327.487
347.064, 330.094
359.177, 332.109
371.612, 329.986
383.586, 327.546
283.108, 255.316
295.577, 248.721
310.671, 248.67
326.311, 256.986
311.002, 260.178
295.801, 260.904
393.749, 255.709
409.859, 247.751
425.165, 246.952
437.554, 253.934
425.719, 259
410.17, 258.644
320.372, 374.649
335.217, 361.244
349.81, 353.542
361.206, 355.801
372.759, 353.13
388.12, 359.992
405.474, 373.226
389.218, 380.749
374.719, 381.962
362.323, 382.617
350.353, 382.046
336.525, 380.558
327.296, 373.315
349.96, 367.442
361.45, 367.799
373.359, 367.169
397.391, 372.193
373.38, 365.685
361.483, 365.83
350.154, 365.304
;
261.459, 225.152
274.621, 206.257
298.441, 203.594
321.605, 208.194
343.287, 218.209
372.697, 218.179
396.498, 206.358
422.339, 200.252
448.106, 205.797
463.296, 225.747
357.55, 245.775
357.234, 265.689
356.959, 284.858
356.61, 305.085
335.861, 328.779
347.421, 330.883
359.266, 332.682
371.223, 331.077
383.56, 329.446
283.072, 254.723
295.669, 248.314
311.171, 248.644
327.016, 257.227
311.094, 260.285
295.659, 260.682
393.716, 256.664
409.382, 247.943
425.374, 246.999
438.371, 253.688
426.197, 259.222
409.951, 259.22
321.16, 374.272
334.961, 361.324
349.295, 353.87
361.108, 356.374
372.275, 353.271
387.437, 360.506
405.753, 373.329
389.421, 381.591
375.261, 383.872
363.059, 384.62
350.41, 384.031
336.36, 381.524
328.106, 373.319
349.689, 368.275
361.415, 368.584
373.113, 367.866
397.655, 372.192
373.622, 367.431
362.081, 367.794
350.183, 367.396
;
261.874, 224.176
275.138, 205.838
297.795, 202.627
320.354, 206.412
341.328, 216.171
372.931, 216.26
396.249, 205.171
421.969, 200.184
447.784, 205.179
463.929, 224.545
357.738, 243.871
357.448, 263.717
357.173, 282.64
356.759, 302.958
335.088, 327.037
346.655, 329.307
358.562, 331.204
370.911, 329.561
383.256, 328.052
282.907, 253.941
295.373, 247.529
311.164, 247.402
327.515, 255.475
311.08, 259.212
295.224, 259.765
393.32, 254.818
408.891, 246.95
424.923, 246.338
438.323, 253.321
425.626, 258.698
409.368, 258.193
320.577, 374.801
335.349, 361.403
349.252, 353.495
360.42, 355.846
371.6, 352.872
387.106, 360.631
404.516, 374.074
388.441, 381.509
373.758, 383.299
361.881, 383.712
350.139, 383.156
336.648, 381.589
327.534, 373.472
349.48, 368.098
360.757, 368.543
372.347, 367.629
396.767, 372.893
372.447, 366.431
361.214, 366.641
349.959, 366.132
;
260.182, 227.554
273.197, 208.619
296.481, 203.572
319.447, 206.952
341.039, 216.851
372.974, 217.423
396.02, 205.615
421.826, 200.008
447.184, 205.861
463.102, 224.315
356.523, 245.095
356.261, 265.329
355.96, 284.734
355.651, 305.367
334.927, 329.421
346.421, 331.473
358.573, 333.316
370.529, 330.873
382.968, 328.841
283.022, 256.342
295.02, 249.081
310.619, 248.616
326.815, 257.39
310.35, 260.873
294.936, 261.315
393.386, 255.694
408.606, 247.194
424.556, 246.161
437.782, 253.105
424.782, 258.875
408.712, 258.501
320.407, 375.097
333.844, 361.998
348.605, 354.478
360.909, 356.644
371.925, 353.49
387.192, 359.573
404.776, 372.71
389.107, 380.601
374.716, 383.35
362.873, 384.23
350.29, 383.989
335.813, 382.64
327.126, 373.789
349.144, 368.133
361.28, 368.373
372.806, 367.28
397.294, 371.64
373.127, 367.088
361.91, 367.614
349.733, 367.415
;
262.414, 223.232
275.823, 205.244
299.716, 202.834
322.38, 208.586
343.54, 218.494
372.371, 218.292
396.327, 206.179
421.982, 200.168
447.583, 205.182
463.21, 224.819
357.413, 245.402
356.97, 265.46
356.574, 284.713
356.259, 305.322
335.471, 329.006
347.251, 330.492
358.975, 332.766
370.926, 330.548
383.209, 329.171
283.773, 254.539
296.154, 248.204
311.614, 248.375
327.132, 256.47
311.441, 259.9
296.256, 260.385
393.164, 255.866
408.746, 247.275
424.944, 246.671
437.993, 253.255
425.771, 258.727
409.5, 258.801
321.566, 375.813
335.576, 361.901
349.48, 354.231
360.684, 356.644
371.766, 353.618
387.117, 361.041
404.322, 374.795
388.69, 381.593
374.474, 384.054
362.629, 384.794
350.851, 384.029
337.353, 381.776
328.604, 374.372
350.053, 367.727
361.183, 368.266
372.536, 367.365
396.625, 373.306
372.945, 368.257
361.742, 368.808
350.504, 367.818
;
263.253, 223.343
276.605, 205.943
299.02, 203.125
321.586, 206.671
342.313, 216.655
375.208, 216.52
397.929, 205.09
423.091, 200.022
448.161, 205.757
463.204, 224.124
358.778, 245.154
358.604, 264.656
358.348, 283.492
358.189, 304.014
336.291, 328.475
348.151, 330.491
360.335, 332.573
372.384, 330.603
384.35, 329.027
283.301, 254.902
296.19, 247.691
311.896, 247.732
327.275, 256.624
311.398, 260.108
295.866, 260.421
394.737, 255.825
409.942, 247.248
425.686, 246.613
438.701, 253.881
426.458, 259.323
410.48, 259.107
320.762, 375.61
334.906, 361.495
349.578, 354.138
360.958, 356.684
372.21, 353.456
387.96, 360.769
405.623, 374.638
389.685, 382.428
375.044, 384.195
363.352, 384.263
351.104, 383.55
337.014, 382.234
327.597, 374.163
349.991, 368.068
361.522, 368.689
373.043, 367.69
398.122, 373.03
373.625, 367.466
362.315, 368.009
350.66, 367.247
;
261.191, 224.652
275.048, 206.063
298.7, 203.527
321.967, 207.501
343.277, 218.054
373.72, 217.714
396.821, 205.566
422.291, 199.932
446.943, 205.55
462.477, 223.955
357.756, 246.487
357.631, 265.994
357.495, 284.86
357.367, 304.713
334.743, 328.177
346.83, 330.378
359.086, 332.482
371.026, 330.334
383.209, 328.475
283.318, 255.251
295.715, 248.32
311.328, 248.418
327.271, 257.223
311.183, 260.853
295.619, 261.305
392.405, 256.352
408.835, 247.243
424.831, 246.308
437.903, 254.195
425.708, 259.767
409.308, 259.493
319.272, 375.203
333.861, 361.754
348.337, 354.134
360.668, 356.551
371.975, 353.399
387.572, 360.48
405.982, 373.312
389.591, 381.722
375.306, 383.502
362.934, 384.053
350.201, 383.466
336.117, 382.496
326.25, 374.181
348.952, 368.14
361.064, 368.652
372.851, 367.643
398.057, 372.625
373.551, 366.152
361.859, 366.339
349.835, 365.795
;
262.414, 224.172
276.039, 205.519
299.51, 202.847
322.828, 206.457
343.501, 216.882
372.402, 216.499
396.275, 204.734
422.16, 199.512
447.547, 205.447
462.853, 224.505
358.579, 245.896
358.479, 265.245
358.334, 284.038
358.207, 304.025
335.677, 328.002
347.727, 330.729
359.833, 332.673
371.948, 330.818
384.027, 328.652
284.139, 254.926
296.565, 248.224
311.878, 248.682
327.613, 257.04
311.804, 260.337
296.365, 260.901
393.204, 256.744
409.601, 247.612
425.376, 247.082
438.227, 254.162
426.233, 259.961
410.333, 259.876
320.148, 374.157
334.626, 360.578
348.568, 353.018
360.904, 355.58
372.885, 352.805
388.536, 360.146
405.276, 373.206
389.691, 381.545
374.928, 384.361
362.31, 384.738
349.745, 384.098
336.172, 381.507
326.712, 373.17
349.198, 367.383
361.423, 368.159
373.704, 367.247
397.159, 372.215
373.427, 368.024
361.394, 368.355
349.339, 367.539
;
261.131, 224.113
274.349, 205.233
298.245, 203.987
320.621, 209.168
342.068, 218.479
371.769, 217.35
396.114, 205.906
421.362, 199.895
447.162, 204.91
462.16, 224.554
357.138, 245.012
356.901, 264.943
356.587, 283.818
356.507, 304.033
334.071, 327.534
346.184, 330.388
358.624, 332.972
370.73, 330.573
383.115, 328.499
282.437, 255.312
295.384, 248.437
310.934, 248.453
326.619, 256.523
310.893, 260.462
295.31, 260.996
392.86, 255.817
408.911, 247.897
425.055, 247.422
437.95, 254.675
425.54, 260.116
408.938, 259.555
319.889, 374.426
334.762, 361.425
349.112, 354.162
360.403, 356.813
371.822, 353.628
387.409, 360.555
405.039, 373.894
389.125, 382.266
374.681, 385.201
362.296, 385.967
350.033, 385.328
336.238, 382.773
326.644, 373.575
349.383, 368.542
360.706, 369.255
372.494, 368.333
397.14, 372.756
373.207, 367.35
361.55, 367.745
350.077, 367.054
;
260.399, 226.938
272.588, 207.056
295.721, 203.375
318.581, 207.737
339.612, 217.735
370.833, 217.885
394.063, 205.883
419.556, 200.496
444.662, 205.719
460.452, 224.328
355.934, 245.158
356.012, 265.03
355.966, 284.177
355.926, 304.719
334.155, 329.055
346.146, 331.443
358.227, 333.754
370.037, 331.363
381.403, 329.091
281.714, 255.057
293.56, 248.546
308.86, 248.415
324.557, 256.482
309.037, 260.138
293.644, 260.836
391.132, 255.783
406.715, 247.288
422.205, 246.541
435.112, 253.251
423.281, 259.013
407.373, 258.826
319.362, 375.748
333.127, 361.998
346.721, 354.235
358.688, 356.942
370.287, 353.871
385.869, 360.536
403.605, 374.275
387.715, 382.888
373.503, 385.032
361.252, 385.871
348.955, 385.513
335.047, 383.353
326.158, 374.665
347.279, 367.824
359.117, 368.532
371.104, 367.371
395.835, 373.38
371.941, 367.823
360.143, 368.509
348.327, 367.876
;
260.39, 223.594
274.311, 205.521
297.292, 202.362
320.071, 205.327
340.049, 216.269
370.986, 215.571
394.7, 203.47
420.683, 198.7
446.648, 204.273
462.296, 224.43
356.557, 243.281
356.637, 262.815
356.674, 281.678
356.875, 302.255
334.525, 327.563
346.514, 329.64
358.6, 331.522
370.705, 329.715
382.52, 327.947
281.797, 254.63
293.859, 247.922
309.23, 247.625
325.719, 254.926
309.57, 258.223
294.073, 259.156
391.347, 254.822
407.409, 246.998
423.192, 246.403
436.054, 253.508
424.036, 258.633
408.087, 258.061
320.112, 375.852
334.47, 361.712
348.61, 353.694
359.981, 356.337
371.623, 353.188
387.201, 360.87
404.274, 374.882
388.416, 382.171
373.336, 384.173
361.1, 384.542
349.437, 383.758
335.798, 382.245
327.121, 374.776
348.738, 368.331
360.265, 368.828
372.34, 368.123
396.942, 373.361
372.248, 366.977
360.649, 367.229
349.158, 366.353
;
260.08, 227.157
272.909, 207.044
295.914, 203.596
318.764, 206.83
339.672, 215.947
372.462, 215.754
396.155, 204.433
422.077, 199.057
447.241, 205.488
461.68, 225.44
356.537, 244.726
356.245, 264.151
355.983, 283.171
355.706, 303.24
333.816, 328.326
345.942, 330.094
358.24, 331.975
370.169, 330.215
382.493, 329.138
281.408, 255.518
294.263, 248.135
310.446, 248.465
326.045, 257.532
310.134, 261.062
294.188, 261.38
391.582, 256.679
406.54, 247.307
422.711, 246.244
436.031, 253.599
423.936, 259.163
407.585, 259.322
317.103, 375.256
332.215, 361.458
347.071, 353.803
359.468, 356.281
371.779, 353
387.778, 360.088
404.702, 373.024
389.31, 381.494
374.301, 384.587
361.478, 385.214
348.402, 384.776
333.506, 382.629
324.239, 374.227
347.599, 368.464
359.928, 368.715
372.678, 367.648
396.622, 372.169
372.805, 367.594
360.262, 368.57
347.916, 367.962
;
261.807, 223.434
275.133, 205.324
297.903, 202.732
320.121, 207.396
340.422, 216.928
372.55, 216.473
396.083, 204.925
421.529, 199.122
446.936, 204.193
462.257, 223.68
356.854, 246.334
356.701, 265.781
356.412, 284.681
356.278, 304.747
334.155, 328.948
346.571, 331.467
358.912, 333.516
371.354, 331.228
383.517, 328.64
282.303, 254.969
294.684, 248.248
309.847, 248.371
325.547, 256.931
310.02, 260.125
294.622, 260.894
392.531, 256.068
408.631, 247.014
424.36, 246.262
437.028, 253.375
425.035, 259.369
408.981, 259.025
320.42, 375.389
334.312, 361.304
347.728, 353.816
360.032, 356.044
371.802, 353.14
386.892, 359.94
404.22, 373.237
388.949, 381.434
374.876, 383.587
362.206, 384.285
349.37, 383.747
336.036, 382.296
327.693, 374.091
348.207, 367.734
360.461, 368.2
372.55, 367.294
397.067, 372.115
373.18, 367.5
361.161, 368.135
348.937, 367.294
;
261.609, 225.601
274.245, 206.493
297.631, 203.998
320.061, 208.537
341.197, 218.309
371.501, 217.825
394.959, 206.158
420.657, 200.174
446.628, 205.124
462.017, 224.75
356.255, 245.535
355.88, 265.194
355.43, 283.996
355.105, 304.219
334.141, 327.889
345.759, 330.402
357.612, 332.977
369.693, 330.469
381.76, 328.095
281.948, 255.81
294.925, 249.329
310.012, 249.362
325.826, 256.935
310.139, 260.648
294.975, 261.114
394.065, 255.577
409.592, 247.165
425.182, 246.822
438.287, 253.45
425.602, 258.706
409.759, 258.596
319.512, 376.187
333.041, 362.357
346.535, 354.545
358.951, 357.269
370.954, 353.907
386.722, 361.223
404.494, 375.551
388.6, 383.646
373.644, 385.594
360.816, 386.456
347.738, 385.824
334.487, 384.209
326.507, 374.995
347.089, 368.764
359.535, 369.275
371.849, 368.017
396.836, 374.337
372.186, 368.562
359.921, 369.165
347.449, 368.624
;
260.684, 224.917
273.902, 205.976
296.996, 202.509
319.8, 206.083
340.345, 215.867
370.759, 216.682
394.946, 204.778
421.236, 199.523
447.332, 205.815
463.249, 225.859
356.468, 244.34
356.221, 263.666
355.979, 282.166
355.83, 302.104
334.355, 326.889
345.813, 329.463
357.858, 331.315
370.115, 329.95
382.139, 328.269
281.656, 254.486
294.138, 247.7
309.909, 247.869
326.149, 256.147
309.925, 259.578
294.218, 260.109
392.38, 255.836
408.555, 247.325
424.534, 247.041
437.591, 254.396
425.356, 259.607
408.974, 259.139
319.085, 374.733
333.763, 360.965
347.726, 353.445
359.943, 355.817
372.007, 352.994
387.426, 360.977
404.811, 374.829
388.729, 382.295
374.102, 383.391
361.499, 383.622
348.886, 382.946
335.215, 381.263
326.531, 373.484
348.095, 367.656
360.384, 368.154
372.713, 367.573
396.788, 373.323
372.745, 367.848
360.769, 367.989
348.555, 367.068
;
261.476, 227.254
273.382, 207.986
296.225, 203.999
319.179, 207.483
340.196, 217.071
376.557, 216.284
399.015, 205.907
423.964, 201.104
448.352, 207.196
462.93, 227.115
356.381, 246.432
355.767, 266.247
355.208, 285.318
354.844, 305.581
333.785, 328.901
345.628, 330.779
357.925, 332.756
370.272, 330.842
382.857, 329.691
283.347, 257.487
295.785, 251.296
310.88, 251.263
325.851, 258.759
310.999, 261.872
296.001, 262.341
393.987, 257.568
408.501, 249.894
423.81, 249.117
436.855, 255.266
424.847, 260.191
409.306, 260.251
319.975, 375.213
332.962, 361.307
347.443, 353.935
359.82, 356.449
371.786, 353.4
388.335, 360.712
406.241, 374.439
390.607, 381.983
374.949, 384.038
362.131, 384.857
348.827, 384.142
334.703, 382.593
326.737, 374.167
347.79, 367.247
360.314, 367.915
372.644, 366.916
398.64, 373.254
373.204, 367.653
361.041, 367.781
348.592, 367.25
