time,heartValue
0, 41727
1, 243
2, 452
3, 249
4, 332
5, 421
6, 208
7, 414
8, 330
9, 245
10, 453
11, 247
12, 330
13, 414
14, 214
15, 426
16, 328
17, 240
18, 448
19, 247
20, 336
21, 418
22, 216
23, 414
24, 321
25, 250
26, 455
27, 242
28, 333
29, 420
30, 215
31, 416
32, 325
33, 451
34, 240
35, 337
36, 418
37, 213
38, 418
39, 322
40, 250
41, 455
42, 242
43, 340
44, 418
45, 214
46, 420
47, 321
48, 252
49, 454
50, 240
51, 340
52, 411
53, 216
54, 424
55, 321
56, 256
57, 454
58, 238
59, 337
60, 414
61, 223
62, 421
63, 313
64, 256
65, 454
66, 238
67, 338
68, 410
69, 226
70, 424
71, 311
72, 256
73, 456
74, 243
75, 340
76, 409
77, 217
78, 427
79, 313
80, 250
81, 449
82, 243
83, 351
84, 407
85, 210
86, 426
87, 315
88, 260
89, 455
90, 235
91, 350
92, 413
93, 216
94, 426
95, 310
96, 256
97, 455
98, 241
99, 353
100, 407
101, 210
102, 432
103, 316
104, 258
105, 450
106, 237
107, 351
108, 406
109, 218
110, 433
111, 317
112, 259
113, 449
114, 236
115, 354
116, 409
117, 216
118, 428
119, 311
120, 262
121, 450
122, 236
123, 359
124, 407
125, 213
126, 427
127, 308
128, 261
129, 448
130, 238
131, 361
132, 401
133, 213
134, 425
135, 303
136, 269
137, 452
138, 230
139, 355
140, 404
141, 219
142, 431
143, 304
144, 267
145, 454
146, 237
147, 360
148, 401
149, 220
150, 431
151, 301
152, 264
153, 453
154, 238
155, 363
156, 395
157, 216
158, 432
159, 299
160, 267
161, 451
162, 232
163, 364
164, 397
165, 218
166, 438
167, 302
168, 267
169, 447
170, 230
171, 368
172, 401
173, 215
174, 429
175, 299
176, 275
177, 453
178, 229
179, 366
180, 400
181, 220
182, 434
183, 298
184, 272
185, 448
186, 228
187, 370
188, 401
189, 218
190, 433
191, 299
192, 273
193, 447
194, 227
195, 368
196, 393
197, 214
198, 434
199, 296
200, 274
201, 449
202, 227
203, 367
204, 390
205, 221
206, 442
207, 290
208, 270
209, 450
210, 230
211, 375
212, 394
213, 218
214, 439
215, 294
216, 277
217, 446
218, 224
219, 373
220, 395
221, 218
222, 430
223, 283
224, 280
225, 449
226, 225
227, 370
228, 389
229, 222
230, 439
231, 284
232, 276
233, 450
234, 227
235, 372
236, 388
237, 222
238, 442
239, 289
240, 277
241, 448
242, 224
243, 373
244, 380
245, 223
246, 438
247, 280
248, 280
249, 445
250, 222
251, 377
252, 386
253, 224
254, 437
255, 284
256, 286
257, 449
258, 223
259, 378
260, 384
261, 226
262, 439
263, 279
264, 286
265, 452
266, 226
267, 378
268, 379
269, 223
270, 438
271, 281
272, 288
273, 447
274, 226
275, 382
276, 376
277, 222
278, 443
279, 277
280, 282
281, 444
282, 224
283, 386
284, 382
285, 227
286, 446
287, 279
288, 286
289, 447
290, 227
291, 384
292, 370
293, 220
294, 442
295, 281
296, 292
297, 437
298, 219
299, 390
300, 378
301, 222
302, 437
303, 276
304, 294
305, 443
306, 221
307, 392
308, 379
309, 224
310, 445
311, 281
312, 296
313, 443
314, 221
315, 389
316, 376
317, 228
318, 441
319, 271
320, 296
321, 441
322, 221
323, 389
324, 369
325, 224
326, 442
327, 270
328, 296
329, 440
330, 223
331, 394
332, 370
333, 227
334, 444
335, 274
336, 299
337, 440
338, 219
339, 394
340, 369
341, 227
342, 445
343, 274
344, 300
345, 430
346, 220
347, 398
348, 366
349, 226
350, 444
351, 271
352, 298
353, 434
354, 222
355, 399
356, 366
357, 229
358, 447
359, 269
360, 303
361, 442
362, 223
363, 395
364, 358
365, 224
366, 446
367, 272
368, 306
369, 431
370, 215
371, 397
372, 363
373, 230
374, 446
375, 267
376, 303
377, 435
378, 223
379, 400
380, 359
381, 230
382, 446
383, 265
384, 308
385, 436
386, 218
387, 396
388, 362
389, 233
390, 438
391, 258
392, 311
393, 434
394, 221
395, 402
396, 356
397, 231
398, 448
399, 264
400, 309
401, 430
402, 220
403, 400
404, 353
405, 234
406, 451
407, 265
408, 306
409, 434
410, 216
411, 399
412, 350
413, 234
414, 448
415, 258
416, 308
417, 431
418, 220
419, 405
420, 352
421, 232
422, 448
423, 263
424, 313
425, 432
426, 223
427, 406
428, 352
429, 231
430, 446
431, 260
432, 312
433, 434
434, 220
435, 404
436, 348
437, 236
438, 448
439, 254
440, 314
441, 427
442, 218
443, 409
444, 345
445, 233
446, 453
447, 262
448, 318
449, 427
450, 214
451, 407
452, 350
453, 243
454, 451
455, 256
456, 316
457, 437
458, 224
459, 406
460, 345
461, 237
462, 451
463, 259
464, 318
465, 428
466, 218
467, 406
468, 339
469, 240
470, 452
471, 254
472, 317
473, 425
474, 213
475, 410
476, 343
477, 238
478, 452
479, 256
480, 322
481, 429
482, 217
483, 412
484, 344
485, 241
486, 451
487, 254
488, 324
489, 425
490, 224
491, 416
492, 340
493, 235
494, 448
495, 258
496, 329
497, 427
498, 214
499, 412
500, 342
501, 242
502, 449
503, 254
504, 328
505, 428
506, 214
507, 410
508, 344
509, 247
510, 448
511, 247
512, 324
513, 427
514, 221
515, 414
516, 334
517, 240
518, 453
519, 254
520, 331
521, 417
522, 214
523, 417
524, 338
525, 243
526, 450
527, 252
528, 332
529, 426
530, 216
531, 413
532, 331
533, 241
534, 447
535, 252
536, 331
537, 415
538, 217
539, 420
540, 333
541, 239
542, 447
543, 250
544, 332
545, 422
546, 217
547, 416
548, 335
549, 244
550, 448
551, 250
552, 339
553, 421
554, 213
555, 419
556, 339
557, 250
558, 447
559, 244
560, 336
561, 416
562, 212
563, 415
564, 330
565, 254
566, 448
567, 236
568, 331
569, 426
570, 223
571, 413
572, 322
573, 250
574, 461
575, 251
576, 332
577, 420
578, 220
579, 426
580, 329
581, 242
582, 447
583, 250
584, 342
585, 417
586, 210
587, 419
588, 327
589, 248
590, 446
591, 243
592, 338
593, 416
594, 211
595, 413
596, 322
597, 252
598, 455
599, 241
600, 341
601, 423
602, 218
603, 425
604, 324
605, 246
606, 451
607, 249
608, 342
609, 408
610, 214
611, 423
612, 321
613, 251
614, 448
615, 245
616, 339
617, 410
618, 217
619, 425
620, 321
621, 246
622, 449
623, 247
624, 346
625, 417
626, 213
627, 422
628, 324
629, 254
630, 449
631, 241
632, 346
633, 415
634, 215
635, 420
636, 315
637, 257
638, 452
639, 235
640, 342
641, 412
642, 215
643, 421
644, 310
645, 254
646, 451
647, 241
648, 349
649, 411
650, 216
651, 431
652, 324
653, 254
654, 451
655, 244
656, 349
657, 407
658, 217
659, 423
660, 313
661, 261
662, 455
663, 237
664, 347
665, 414
666, 215
667, 421
668, 311
669, 263
670, 458
671, 235
672, 346
673, 414
674, 219
675, 426
676, 310
677, 258
678, 451
679, 239
680, 350
681, 402
682, 217
683, 426
684, 306
685, 258
686, 453
687, 236
688, 351
689, 403
690, 214
691, 425
692, 309
693, 260
694, 447
695, 231
696, 348
697, 405
698, 211
699, 424
700, 311
701, 258
702, 448
703, 229
704, 349
705, 401
706, 212
707, 428
708, 306
709, 257
710, 455
711, 234
712, 347
713, 402
714, 218
715, 427
716, 298
717, 256
718, 456
719, 233
720, 350
721, 404
722, 213
723, 431
724, 305
725, 253
726, 449
727, 234
728, 355
729, 407
730, 214
731, 423
732, 308
733, 268
734, 452
735, 230
736, 348
737, 405
738, 219
739, 428
740, 305
741, 262
742, 450
743, 230
744, 354
745, 408
746, 216
747, 426
748, 301
749, 257
750, 452
751, 235
752, 356
753, 402
754, 216
755, 429
756, 298
757, 256
758, 448
759, 234
760, 359
761, 395
762, 215
763, 429
764, 297
765, 258
766, 444
767, 229
768, 354
769, 391
770, 209
771, 424
772, 298
773, 256
774, 432
775, 222
776, 357
777, 391
778, 210
779, 421
780, 293
781, 270
782, 441
783, 226
784, 360
785, 394
786, 216
787, 425
788, 291
789, 273
790, 452
791, 229
792, 365
793, 398
794, 227
795, 434
796, 299
797, 281
798, 456
799, 237
800, 373
801, 393
802, 227
803, 438
804, 303
805, 290
806, 448
807, 237
808, 380
809, 390
810, 227
811, 439
812, 295
813, 279
814, 442
815, 240
816, 385
817, 388
818, 228
819, 440
820, 296
821, 281
822, 445
823, 240
824, 379
825, 379
826, 231
827, 441
828, 293
829, 289
830, 437
831, 230
832, 376
833, 379
834, 231
835, 434
836, 281
837, 281
838, 432
839, 233
840, 380
841, 377
842, 232
843, 432
844, 280
845, 291
846, 440
847, 237
848, 382
849, 372
850, 234
851, 428
852, 273
853, 288
854, 427
855, 230
856, 373
857, 354
858, 223
859, 421
860, 261
861, 275
862, 405
863, 214
864, 363
865, 346
866, 213
867, 408
868, 256
869, 276
870, 407
871, 208
872, 354
873, 342
874, 231
875, 420
876, 261
877, 294
878, 430
879, 251
880, 399
881, 367
882, 252
883, 449
884, 296
885, 318
886, 438
887, 265
888, 423
889, 394
890, 269
891, 448
892, 297
893, 330
894, 441
895, 242
896, 393
897, 368
898, 252
899, 426
900, 265
901, 302
902, 412
903, 221
904, 372
905, 338
906, 222
907, 415
908, 258
909, 292
910, 414
911, 221
912, 386
913, 362
914, 246
915, 443
916, 284
917, 311
918, 440
919, 250
920, 410
921, 384
922, 250
923, 446
924, 292
925, 320
926, 447
927, 252
928, 410
929, 384
930, 250
931, 456
932, 304
933, 335
934, 468
935, 254
936, 417
937, 392
938, 253
939, 467
940, 299
941, 306
942, 449
943, 240
944, 401
945, 379
946, 231
947, 437
948, 281
949, 298
950, 429
951, 217
952, 384
953, 364
954, 223
955, 439
956, 276
957, 293
958, 443
959, 228
960, 390
961, 370
962, 220
963, 434
964, 272
965, 285
966, 427
967, 216
968, 384
969, 369
970, 222
971, 440
972, 282
973, 305
974, 452
975, 241
976, 408
977, 387
978, 243
979, 460
980, 292
981, 317
982, 455
983, 232
984, 407
985, 389
986, 237
987, 457
988, 299
989, 320
990, 460
991, 242
992, 417
993, 395
994, 240
995, 452
996, 290
997, 313
998, 448
999, 228
1000, 399
1001, 375
1002, 232
1003, 448
1004, 280
1005, 301
1006, 436
1007, 219
1008, 389
1009, 365
1010, 225
1011, 442
1012, 270
1013, 288
1014, 435
1015, 222
1016, 390
1017, 362
1018, 220
1019, 441
1020, 272
1021, 295
1022, 428
1023, 217
1024, 389
1025, 359
1026, 219
1027, 438
1028, 269
1029, 293
1030, 430
1031, 213
1032, 383
1033, 360
1034, 225
1035, 440
1036, 264
1037, 291
1038, 431
1039, 210
1040, 383
1041, 360
1042, 216
1043, 425
1044, 259
1045, 294
1046, 424
1047, 206
1048, 387
1049, 360
1050, 214
1051, 427
1052, 259
1053, 292
1054, 426
1055, 209
1056, 382
1057, 354
1058, 218
1059, 435
1060, 260
1061, 289
1062, 430
1063, 204
1064, 374
1065, 350
1066, 219
1067, 433
1068, 254
1069, 292
1070, 423
1071, 212
1072, 393
1073, 355
1074, 220
1075, 440
1076, 264
1077, 300
1078, 436
1079, 219
1080, 391
1081, 364
1082, 232
1083, 444
1084, 267
1085, 306
1086, 441
1087, 220
1088, 393
1089, 364
1090, 234
1091, 448
1092, 269
1093, 302
1094, 437
1095, 224
1096, 397
1097, 354
1098, 228
1099, 448
1100, 262
1101, 316
1102, 467
1103, 213
1104, 338
1105, 299
1106, 215
1107, 456
1108, 253
1109, 295
1110, 462
1111, 259
1112, 417
1113, 339
1114, 220
1115, 443
1116, 220
1117, 236
1118, 393
1119, 240
1120, 454
1121, 419
1122, 310
1123, 533
1124, 315
1125, 295
1126, 383
1127, 146
1128, 335
1129, 306
1130, 191
1131, 406
1132, 243
1133, 337
1134, 502
1135, 292
1136, 489
1137, 443
1138, 260
1139, 432
1140, 235
1141, 269
1142, 385
1143, 171
1144, 372
1145, 333
1146, 218
1147, 448
1148, 282
1149, 360
1150, 360
